1
6
9
1 6
1 2
1 3
2 3
2 4
3 4
3 5
3 6
4 6

2
1 1 1 1 1 1



5
3
-1 1000000000000000000000000000000000000000
8  10000000000000
-1 10000000000
4
-1 10100
-1 5A
-1 1011010
10 90
2
-1 432
-1 432
3
-1 10100
-1 5A
-1 1011110
4
-1 10100
-1 5A
-1 1011110
20 4A

2887693916995
10000000000000




1
2
-1 1000000000000000000000000000000000000
8  1000000000000
68719476736

F:\CP\CODECHEF\October Long Challenge>missing_number_2
1
2
-1 1000000000000000000000000000000000000000000
8  100000000000000
549755813888


1110100011010100101001010001000000000000


131621703842267146
1000000000000


1
1
-1 BSDFSSDS
206681653384


F:\CP\CODECHEF\October Long Challenge>missing_number_3
1
1
-1 ISDFSSDS
327430787547

1
1
-1 ZSDFSSDS
-1
2804508246448





2  1110100011010100101001010001000000000000
3  10112121011201102102111001
4  32203110221101000000
5  112341000000000000
6  2043221010301344
7  132150634516021
8  16432451210000
9  3477151372431
10  1000000000000
11  356108A259A1
12  141981B87854
13  733B8298841
14  36586446C48
15  1B02B76646A
16  E8D4A51000
17  876034C47D
18  50D738G11A  50D738G11A
19  31GDG17997
20  1J15000000
21  1594CJ9H31
22  I4JJK22AC
23  CHG2GI15D
24  920IHIN2G
25  6DL000000
26  4KD38IOLE
27  3EG4JBBD1
28  2I34E7O28
29  1SS4S632K
30  1FLM7R13A
31  15ANDCMA4
32  T3AAA400
33  NFAAG3I1
34  J1B8R13U
35  FIYO05LF
36  CRE66I9S



100000000000
1000000000000

10000000000000
2541865828329

1000000000000
1000000000000