2500 5000
1085 1086 -285137960
2371 2388 -711184766
1448 1449 -507534899
1475 1476 431958025
1687 2134 -294785786
654 655 872007394
1032 1033 -44930837
1724 1725 -893383222
1913 2371 773614876
2253 2342 249461182
709 710 -318869699
2113 2114 968492424
361 362 29269196
964 971 38322162
2403 2460 528495165
623 624 980164121
1464 1465 570643908
2263 2264 -44578103
704 705 547842343
2004 2005 -791533299
103 1339 945880560
599 600 444468827
1242 1243 -563277214
1866 2028 735177163
1454 1455 -222672271
141 142 -766898570
1012 2257 220701198
992 993 778831004
109 110 -225930877
1068 1929 932460116
1860 1926 844294284
359 921 192948172
854 855 -598982553
1787 1788 404262673
78 79 431293243
1784 1785 493507912
970 2311 962032854
1829 1846 -813965552
1040 1041 363615184
1940 1941 -505078932
567 920 -547035893
168 169 -743591251
52 1634 -515924499
1947 1948 -643368451
2163 2448 -572857801
1405 1670 -322281248
293 657 -549004251
1035 1189 -902670320
71 72 -898030679
5 238 -508468154
1703 2291 -146081713
780 1953 768827051
2376 2377 762116205
750 1559 759653761
1443 1444 332574096
305 306 689191345
1947 2085 684675988
371 1827 700828589
2407 2408 886847303
30 1202 55585393
46 1445 814695060
865 866 -862338544
332 333 291570697
394 2226 -347988679
2008 2009 -489054434
1817 2464 388645481
1372 1839 -604845533
1493 1782 -957181730
1572 1875 -459621957
458 459 -978971355
173 174 -396775256
517 1671 -931312277
508 509 543131579
1018 2199 840650746
1908 1909 385228386
2377 2421 -930104041
2480 2481 115751438
540 1753 696923344
981 1016 86283033
158 159 896074577
2323 2474 -994160042
450 866 181562104
1514 1727 -714200592
1021 1914 296352544
1315 1316 748986171
1966 2433 383674322
730 2028 -188744643
534 535 -488974180
1571 1572 954921541
376 377 241103704
198 199 -215058422
1784 2314 -642588885
690 691 143668203
798 799 8903622
230 902 451227963
2350 2351 830201123
1394 1412 -133571819
928 929 300364351
1161 1162 -56301120
2010 2011 -261873049
784 785 -821890609
1553 1554 384784411
2131 2132 735682411
62 63 601161343
1235 2392 304264536
897 2418 -354960609
1376 1377 377839603
2172 2278 100870965
1317 1318 -869895368
856 857 156869818
889 890 -603409621
1114 1115 747671609
683 1447 366145393
2281 2394 -111691772
2464 2483 207239233
684 1338 662687021
1616 2272 478327814
511 512 -613697117
982 1761 -209761187
841 1334 -530323695
1984 2358 441541746
976 977 141260514
456 457 447572526
1347 1348 971389570
1391 2200 118056502
2352 2353 -23898912
836 837 554198359
116 117 513597911
809 1849 825998468
1622 1623 -597401476
26 1548 890218101
565 1168 -48332105
910 911 -817346357
2300 2420 -515944511
2183 2309 -925976081
2101 2277 -323583123
390 391 441971836
432 433 516337686
1932 2057 -926900823
2101 2392 958221291
1071 1072 888392495
416 1290 -769894298
742 2153 544941033
886 1835 793885656
550 2494 17197136
2083 2478 -201561421
715 1243 827100255
1176 2469 595415819
660 661 168003966
148 2464 737475057
1272 1579 -156022399
1254 1255 465459377
535 1144 -396109961
1891 1984 -606640897
259 279 4790755
733 734 222300904
169 170 606396758
2447 2473 -833705981
1240 1241 -973775764
2425 2426 143979640
352 1927 -802052597
383 384 -865335621
1776 2358 183060377
223 1696 -218303644
2049 2050 942566319
576 577 656166685
1951 2340 711879608
147 1355 560308691
2456 2477 963207694
189 983 326046233
2245 2304 -463000179
1870 2180 -650177697
1255 1256 164850162
2339 2443 785654267
20 1073 -683444362
2376 2461 685064196
2086 2453 -575537422
1446 2224 -518568589
348 349 277543779
1315 1974 690301984
1286 1287 -70751588
721 1945 851617826
539 540 -860045577
1225 1340 -667068326
1544 1545 -548556846
694 695 -994004456
1769 2358 -760923855
2132 2133 333698102
656 818 463085684
41 51 -2640777
715 1287 -337754748
1772 1773 854181812
2143 2144 806476246
2308 2309 525704861
1922 1923 118954534
2298 2299 443416987
1027 1028 -234132971
1214 1355 -16096678
2096 2110 975634177
1325 2059 -855982317
2369 2370 -929961846
126 1863 769681242
1518 1519 221585604
239 240 849864635
1243 1244 -227363125
262 263 -308938638
1186 1187 833178897
2034 2125 -575926956
2296 2498 -392993806
1917 1918 606430408
2486 2487 875804670
539 1974 -344453501
2043 2044 954073404
601 602 -56751855
1317 1932 870983993
1540 1541 791372688
534 1857 893064825
221 222 -767848600
1829 1830 763845026
454 455 -843287122
1368 1369 847915655
549 1556 -634172611
947 948 688285138
2053 2462 345103257
815 816 -215659137
890 1025 625652836
1744 2076 37252260
1976 1977 296420606
841 842 -271220913
2042 2043 686657658
2334 2335 196533184
1336 1914 -960653025
1038 2340 -266554380
1893 2306 -899455563
1409 1410 996425067
1239 1240 -777087341
2056 2283 74860624
2142 2484 934823877
2148 2352 -458342702
316 317 361954182
496 2123 600082631
2378 2442 -297597030
1204 1205 -960119322
617 1730 966376740
381 382 -178571113
2416 2430 859331136
2239 2377 366249018
2059 2060 -725172076
379 567 578058034
803 2005 445238576
1518 1837 581721933
1504 1505 -538455148
2220 2221 -771515027
774 1339 80766761
1218 1422 -533169043
496 1213 -658192441
491 492 -28041171
303 406 354150392
2317 2343 881388982
1313 2004 -224487469
2010 2225 -103297647
745 746 -182324749
1285 1286 -315643228
642 2494 -682317421
1096 1097 -229896160
218 219 957337473
153 154 623517669
2422 2451 990544730
1273 1517 -225372776
2076 2077 -875972586
1993 2081 -141848621
1445 1725 -315740868
1869 1870 -473395736
275 276 -413040020
897 898 -90377794
1543 2253 887835454
2391 2392 263990352
426 1378 -336799492
1131 1132 192038208
958 2061 707051734
1922 2349 -837244307
1278 1933 -589624949
2045 2227 309021496
1824 2277 603795263
524 525 -655556883
1736 1737 -447758944
2391 2487 -50932963
1188 1189 447016203
2346 2425 -502706040
2386 2491 -798085368
2124 2125 -73240069
1065 1066 -237124245
907 2148 -614874748
699 700 68242472
391 2136 473625569
2115 2494 969712920
190 1164 -79457810
1824 1909 716389532
1827 2352 -243559013
1110 1635 -146956634
800 1017 942530394
1319 2375 755039392
2299 2300 -370402240
2251 2407 -147140206
979 1621 892210069
2069 2070 -544334510
260 2341 651652580
2087 2450 442958591
2201 2202 553709485
1914 2214 -270107045
263 2426 -515695761
2244 2245 470270253
2353 2354 328167162
1724 2077 -977000546
1833 1834 332658752
2475 2476 -255637484
2297 2452 -751556893
521 712 245650280
839 840 -311096691
453 454 -762859138
673 1091 512833763
5 198 -462101607
1917 2044 381574679
1378 1379 225939859
1226 2488 238729085
832 1487 -998452293
1700 2031 -765021775
2338 2356 -930692477
1035 1036 -88283195
702 703 -173509914
1628 1883 439973124
318 319 -845848357
746 1159 260915847
478 479 -856173339
321 1106 -989232562
1336 1337 -969144398
2114 2362 -784752159
210 211 -313078863
2440 2441 947239211
593 594 407905002
1391 1392 593414154
172 1649 -884976354
554 561 396081327
2347 2411 570729568
2240 2241 -623011990
2002 2086 -423248466
346 347 318132040
2357 2489 728758037
733 1397 72519010
2449 2450 317895544
1759 1760 921213433
560 1638 -446073954
2397 2398 185602727
1053 1643 94081133
1434 1706 -859076210
70 71 -584190657
2272 2311 588734124
1643 1644 -997924987
692 1668 -374496477
1072 1073 -225067387
243 1532 2220334
2007 2008 -588663970
303 304 -885408648
955 956 930282985
217 218 107821658
2495 2498 -961368640
437 438 222438791
1221 1222 -111092771
1715 2173 -6213149
296 1890 63088562
180 181 361707163
2388 2468 347453733
2180 2266 325150535
1572 1573 691524861
73 74 293884118
170 171 -734443248
2381 2382 -90696229
1191 1192 -563668000
2399 2400 -436645362
2031 2193 327267986
240 241 -529103524
2427 2428 821541183
2441 2444 -346201796
2493 2494 567066230
2165 2166 -13972996
1411 1412 -926123867
41 2293 805054566
794 1399 632683905
811 2375 -789148172
2211 2349 942308538
2352 2476 195280051
2177 2197 -705370798
943 1271 760636740
1993 2496 -795592241
1777 2234 774508605
1519 2092 328030417
217 721 -496779616
2241 2242 -661772998
277 278 -60117891
385 1706 -405760241
830 831 -167103361
704 1358 215951993
1787 2030 623870851
948 949 -328994495
1078 1079 -152638788
1007 2296 -402903369
1362 1363 195473251
1361 1958 -92505772
1571 2327 -428918862
1085 1252 -921151481
706 707 594584258
746 1921 549604223
114 1720 -56449543
132 610 -189752120
1016 1017 -176450861
2054 2055 -128585325
1888 2320 -249512286
1027 1186 503774085
17 18 256139929
1198 1199 -939151022
55 1725 438236012
1241 2427 591902144
54 55 -105856214
31 2075 -633934594
931 2407 67655811
1686 1687 -525237682
1561 1562 -242620433
2314 2382 26748193
1430 2147 580755970
2215 2297 846682123
1073 1879 514638294
1703 1704 -680459362
1087 1088 501270615
1248 1249 -517190636
1652 1747 943085026
1009 1010 -756389298
1962 2349 640859657
196 197 -542284563
1422 2169 238159477
2475 2494 200029462
988 1721 99374442
1276 1277 259195849
1158 1159 -553725741
2391 2410 654194617
794 957 -24633682
813 1214 -228099256
141 730 -224729947
1008 1009 -905712069
1771 1974 -587690012
663 2428 -316830459
1058 1159 -2013026
1663 1852 -764174447
1903 1904 285607282
433 434 -555689249
429 569 -612372756
1853 1854 -807701996
2178 2229 -154680344
1102 1186 797643225
1517 1518 452685688
821 822 675310358
265 302 563909019
2309 2310 -827602681
1064 1893 -555659184
166 923 813182705
1691 1692 505386144
287 319 -644773410
455 752 714537896
496 1252 24374784
2351 2352 -104825934
2431 2441 250935072
1 2 591661800
1526 1527 968688433
1305 1780 742831775
1494 1495 -930043232
787 788 -335422921
165 166 401973828
1253 1265 836332844
2123 2462 469223022
707 708 204686134
2152 2153 -493713680
314 501 4463418
2442 2493 68807783
1157 1158 622126448
1048 1379 641858968
954 2112 -292382669
1599 1682 405361544
1220 2330 185875645
1128 1433 -928986856
1052 1334 311982670
165 1196 339692651
2385 2386 970817726
1297 1762 878614131
112 2220 445112042
980 981 217538526
459 460 -965108044
404 896 793793857
225 472 -627100205
1203 1204 -411353397
1177 2363 -804546080
410 2402 -133056629
547 2205 669643496
1614 1615 42110953
2253 2351 -625850103
340 341 191301769
2437 2469 590197444
484 485 -128953322
13 14 -371421283
2127 2367 68242175
864 865 -282747134
528 529 890055326
1750 1751 -79313845
325 326 896890984
1677 2144 521884514
1745 2341 908799029
1744 1745 -226632007
428 429 764649548
615 1858 -434642865
2058 2059 505601887
930 1650 -243436616
1510 1968 -147348444
2456 2457 -87254719
1864 1865 -187372390
1414 1415 -832451871
1660 2223 -267236951
1122 2135 -534179417
2224 2235 -506347015
1639 2118 788616915
1802 1803 983252295
990 2113 -513679443
846 1987 63521321
1028 1029 -788769106
378 379 958302817
1608 1609 38271184
1119 1181 399021850
898 899 -554403870
1528 2053 808352040
1789 1790 -472144424
584 2337 549762820
1836 1837 498744464
1268 1269 332089444
896 897 876147489
143 2446 -382476548
2046 2047 91526536
2233 2313 -822071346
28 29 545745617
743 744 -346409297
2276 2286 -689058735
2210 2211 470253100
1749 1804 -196432664
114 2154 230233322
457 458 -657964645
1480 1481 8590908
932 945 -967539415
2388 2432 -111476272
1070 1071 76595816
2229 2384 276592049
35 36 -533609418
464 465 -403481149
1405 1406 329602038
673 674 775900251
2495 2498 610465069
1967 2029 -810090960
1145 1728 -366217224
1195 1196 414825792
1480 1763 753839377
1155 1156 -996497288
2139 2140 201674545
86 928 -487838949
1636 2368 -914990724
188 189 -250979646
915 916 -931756476
1467 1468 142653784
1503 1504 -210919947
819 820 -590248898
1903 2196 599175358
741 1251 -637532203
2250 2251 -973951563
576 2113 244251648
2279 2282 -19452210
40 41 857980545
805 1572 -344315894
1523 2255 -852470766
1408 1409 6772904
1813 2184 -994995622
2473 2494 -84307184
524 1733 -261586621
1816 1817 -750964831
1344 1546 -151999097
1294 1335 5156229
1067 2170 -86666492
286 287 919857851
922 923 326694953
1549 1550 -336419659
1817 1818 -534876494
956 1148 -554082550
1270 1271 -776114039
1493 1494 172896664
1936 2443 -519801395
1449 1818 697109973
353 354 748740434
522 1151 961569091
1873 2251 467241998
2206 2207 256924841
957 1679 864003035
2454 2455 802112631
1410 1985 -819571986
47 2267 360830057
1716 1717 -188722071
1474 1476 677508317
1441 2443 -435744349
2204 2211 -243365501
1038 1990 112692648
884 885 661057160
1810 1811 -50352761
1453 1454 131426387
1862 1863 671002778
990 991 -708824869
317 1534 737096909
741 1522 503712811
2410 2411 -381649505
496 1771 341987233
824 1429 -93573358
751 906 626970295
594 595 -6487075
2468 2498 816638298
1599 1969 975758080
1047 1048 -387173510
1585 1586 191354734
340 1236 -223877743
960 961 881942308
1482 1876 -889732952
2089 2109 -952930266
956 957 649315941
996 997 140434139
1732 1733 197141166
2163 2164 -50754498
764 1609 -251847635
149 1723 454414672
1033 1034 -637997565
1401 1402 -639178455
1404 1405 -433687804
2046 2454 -840533014
2206 2479 -300515726
410 411 -763861246
357 2281 740891815
429 430 -672316143
1826 2001 932946646
1767 2118 780188049
126 1231 468436037
924 1622 -618651144
1914 2108 138030105
2398 2404 79396554
815 1402 345378605
1623 1624 -40371763
1690 1691 -398032766
1582 1583 337797137
211 212 -751841858
892 1502 373518827
272 273 -327201876
685 686 703490296
1193 1194 274851881
139 140 169884338
123 229 71644578
2283 2472 15339229
585 1129 647039130
2405 2406 -945207897
1399 1919 -211714773
213 214 425451505
1371 1372 866031875
357 358 716414458
1333 1334 970432393
1507 1508 -432726651
2275 2302 193926160
779 1762 -146343114
1102 1749 496106426
103 900 -659670449
1364 1365 -840815196
2416 2417 994889374
2405 2466 714409133
2038 2039 414308454
2044 2045 351302014
872 873 -508856528
2122 2312 -631404210
1601 1602 965464408
1126 1127 530211473
519 2276 992206541
941 942 -142180446
391 793 859708042
590 591 -486548863
1344 2353 -319962195
1584 1585 -684579594
640 2082 -148115593
2230 2314 533516933
779 780 154974031
2396 2397 682931052
591 1546 579967935
790 791 516736813
1082 2001 50781870
436 437 192929788
190 438 -649117395
1885 1886 112691186
626 1942 -108911509
2090 2091 -658720790
649 650 415996422
1115 1646 -733923808
1381 1382 119790915
465 466 -537832860
1936 2230 843722128
1808 2388 332982154
1659 1660 -487153016
551 552 540439330
2452 2453 435250387
96 97 227075314
1184 1761 -720937600
1413 2017 24123305
1030 2020 -127009257
1466 1467 527440125
1860 2297 -390964472
898 1649 -841730295
648 2169 -849282528
2343 2344 341095299
1447 1448 -403955831
2469 2470 346247632
2140 2141 -114856440
1044 1045 338992418
1021 1914 -858369678
669 2108 854142551
505 1035 -967856058
100 101 -99008664
429 470 828000903
94 95 817178972
1274 1275 -403100037
395 1635 -175964429
1345 1346 378895538
1366 1584 -133077029
420 421 407696551
1978 1979 -545878512
917 955 -709584659
2107 2108 -899737473
1230 1707 902049941
642 643 356971998
1380 1686 -279821524
475 476 197369478
569 570 180870404
1669 1671 984020135
133 134 -98414941
118 635 259151486
988 989 -891682801
2128 2129 -255642392
157 158 -979822088
2164 2323 -238341080
150 151 -738833754
742 1345 664229691
217 826 -170606169
2349 2350 -105204518
1541 1542 473380527
43 279 175074427
2088 2380 -695895687
559 560 86422538
2048 2049 -157791022
1307 1976 754285340
1545 2402 -126738410
1270 2457 725323563
1897 2252 67532263
364 365 -227496313
1225 1226 -105713783
770 771 -520471377
495 496 -320601213
1708 1709 313562344
2452 2472 194443841
911 1689 959391630
2029 2030 352010593
502 503 -33063248
1207 1518 -261919445
2221 2482 403956503
859 1509 174036377
1205 1206 -438556805
1402 2034 -995363765
2055 2233 -463011008
657 840 -38649858
637 638 798062254
414 415 247498799
2417 2418 -916549575
155 156 -972256986
802 803 85242385
957 958 471288081
1159 1160 -76427141
1912 2075 -193424263
1674 1675 578318513
163 164 791355200
924 1579 -311205568
1491 1614 -910719859
427 428 -141115295
250 1802 -501630697
2037 2038 -876574053
624 791 -567839198
783 1378 78905394
962 963 84325215
1127 1128 -845485453
840 2188 310490992
1882 1883 -65203408
1314 1967 425452373
1872 1887 -712036462
708 709 708874269
2219 2220 719767799
2279 2335 -167399949
20 21 -491705366
1463 1464 -416287026
676 677 -884324048
455 456 -674927828
1086 1087 -557638408
2214 2351 -800328138
2436 2500 -266531794
30 462 -180421939
2159 2475 -165449175
46 47 -817193413
636 1048 607742937
688 689 -607310039
332 420 -342549666
2013 2327 431856179
1589 2193 -162487059
949 1387 670637170
1477 1478 -489244323
2243 2309 88971020
2424 2437 -536968604
824 825 -969165723
2108 2109 957887740
885 2083 -337144719
946 947 271910249
1307 1819 962143551
1372 1373 802631231
1286 1648 530118040
1238 1239 -896347702
29 30 73504804
1492 1537 995572332
881 882 -342444129
1389 1390 746598348
1091 1092 -719203906
1881 1882 -807419574
1963 2051 186426393
1863 1864 819849967
1528 2276 982287762
67 68 613512523
2348 2349 -313000842
168 1003 -155603459
2029 2368 -566609831
2418 2419 163271720
1872 2162 593685283
11 1646 -559225266
2294 2333 -651312413
981 982 -120405193
1337 1428 -851945667
1289 2311 -652482096
1050 1051 739882644
1778 1779 763493962
1861 2381 807302860
2221 2353 74252088
468 469 646724123
328 329 630909361
1439 2105 182028171
1169 2015 704819620
2217 2218 -606273685
774 775 827740936
2065 2304 774132501
143 144 -734839426
2083 2084 440628513
1098 2339 693194213
1579 1580 55660150
1509 1510 -279067112
2123 2124 87565774
505 1596 -120647046
2373 2430 153238356
1580 1581 -162491807
1473 1474 121573666
1252 1253 879003177
2252 2288 -824436058
428 1882 -833518968
574 575 694667772
1980 1981 -844472968
1519 1997 -941091328
2021 2022 298636296
1886 1908 751586882
1599 1600 -534263435
1702 1703 -699748479
1778 1848 -334440995
1289 2098 351645772
759 760 341884406
2317 2359 -521868475
224 1373 -139974721
2289 2290 -989975844
1490 1491 702845836
423 2254 -324428603
753 1521 -237151798
2235 2236 -789452541
2213 2266 -418547887
51 52 499504767
2458 2462 -683129882
514 515 519516262
2009 2010 973190108
617 1016 -436023779
1740 2457 -543951923
2356 2478 -225434260
284 344 461790867
1897 2036 -978310559
1485 1789 339662762
2449 2469 -938884364
1753 1941 -999064588
2245 2330 -537254098
1681 1827 445259141
711 1249 -44405448
2451 2452 136868836
2104 2473 201239235
959 960 -587670588
1406 2162 -655236564
1595 1596 608383165
1370 1583 -824932183
953 1073 -441217275
944 945 -874155441
695 696 -648836002
2152 2450 976939072
1866 2299 669485760
1570 1571 -590409462
1050 1836 -571799722
1452 1453 -257900436
874 875 -465934840
1443 1672 -920244361
1508 1509 960468473
487 1644 -948501097
1210 1250 528341935
1093 1279 898985882
2085 2359 415144037
1295 2349 172460001
1485 2192 494288124
804 805 -585498487
1735 1736 -50748181
1292 2484 596825228
639 1490 629630885
2128 2382 684586736
1449 1450 317468670
27 1260 715030443
539 1370 -790902580
1454 2042 519630883
439 440 -401150476
1634 1635 -856357821
564 565 963990835
732 961 -755891013
1894 1895 -918646634
693 694 155185978
532 533 178759028
1915 2452 973497962
2226 2227 75181905
2378 2379 863697169
1876 1877 -175002526
2292 2353 -706199604
1181 1182 404801254
1556 1557 751208890
2042 2076 774548713
1875 1932 -358034675
1105 1437 -847796867
1776 1777 76915948
2373 2374 -605586256
1474 1475 -615615441
2307 2497 342021945
136 2297 683846467
395 2078 102671367
579 580 -728358554
865 2161 971367402
2439 2440 -467273973
2417 2483 967246758
1573 1574 418761670
859 860 -580841851
2444 2445 218483598
1855 2074 961621163
2119 2392 -349866843
160 211 566474667
106 107 139597375
876 877 -421489273
81 497 805831440
587 1400 -856205171
1312 1313 814453528
2256 2257 237571090
2231 2416 -101995760
1147 1929 186005123
1568 1996 -845560312
1578 1579 688837559
932 933 830648718
801 802 413034219
2442 2443 878977560
2160 2384 758245203
1775 2485 -578984169
122 123 -338309267
2147 2485 340179881
2039 2040 865417231
1028 1769 -281975380
1322 1909 -977081840
797 2111 -598366128
2294 2295 -229428360
2182 2183 373378824
1160 1161 505618758
142 2068 -180183520
1551 1552 39505786
1841 1842 121291491
1699 1727 559081313
152 153 271563373
1130 2357 -859384950
1483 1484 -338088067
1521 1522 -345820740
2193 2194 -749336546
657 2356 114580244
2286 2403 182689732
2051 2318 -787632687
1754 1970 893687427
2102 2103 -689720787
811 1446 -180057390
1769 1770 446639241
612 2470 -347951949
252 253 802135378
1230 1231 -330745451
416 417 581768087
2172 2173 420018206
974 1669 -174243949
2136 2137 -779688158
919 920 278852187
219 220 58261368
1862 2253 -28888880
2174 2175 118372729
46 1323 969997018
1522 1523 474089034
933 1997 123982056
679 680 669752481
246 247 164410566
1383 1627 435909500
855 856 -444233745
1785 2463 369796717
185 186 -223451730
1533 1534 -911361031
1213 2486 760898521
1657 1658 788456543
1695 1696 496235206
2227 2442 518309015
1950 2410 183272079
1943 1944 354734218
940 1183 -387149223
1814 2306 136813978
1685 2001 56684785
345 2298 858385926
231 1678 108856353
1959 1960 687523584
63 149 -24921867
1678 1679 685722288
1777 1778 -538295398
1593 1594 -167643120
2185 2186 -616182591
16 423 -661723878
2216 2217 -884728935
1304 1305 -434129365
829 1429 -200063734
1505 1506 243673418
267 268 276101963
655 656 -476625233
2489 2493 535636845
925 926 -223713564
966 2441 284188796
527 1994 -800399789
832 833 -550644434
9 2107 438221714
1649 1650 -139235406
326 327 136966082
263 2300 496943454
784 1021 776488584
2026 2027 710466956
1672 1727 678052921
635 636 473412698
1189 1472 345143484
128 129 252322113
1203 1370 -193091829
2429 2430 371411575
2230 2463 717271756
1818 2032 680041348
554 555 576884215
369 370 747556378
1367 1991 -491077185
2445 2446 -961755734
1570 2214 813192639
311 312 43484322
1464 1949 409270478
1524 1525 -190516120
333 334 156217488
1718 1719 -816084343
1609 1610 -827311371
1211 2360 -984283155
2290 2409 -247091891
2222 2223 215861274
968 969 263710646
45 46 -469180432
2233 2234 936599214
1497 1498 -605532946
563 1638 353788794
953 1574 491219884
1083 1084 -156197483
84 1328 -892636117
688 1345 102564462
2045 2256 -466936450
1715 2087 106124392
2492 2493 666279145
1329 1330 -502272459
2055 2056 -923810857
2390 2391 -268759279
2127 2431 -186545643
1293 1294 357763203
1196 1197 824515883
2361 2374 -562587069
1337 2158 -97811787
1162 1571 -270927156
2255 2256 -526195686
58 1911 -110663879
1026 2027 666676649
663 707 969615008
2035 2036 -506027623
879 2452 352813227
2158 2159 484342422
1513 1514 -504806550
1888 1889 304340733
1386 1387 -736203008
724 725 735172401
83 1770 728327921
647 871 163761038
481 2381 -889104288
47 1295 -978180353
1694 1997 -775194856
1818 2009 355197157
2161 2412 -780872863
2116 2171 -408792731
2403 2465 -334817187
1095 1871 -316881723
2131 2311 514826788
1875 1876 704514062
1996 2465 623654874
271 272 831728443
1417 1418 -571094132
2135 2247 -881047557
2337 2338 -333227539
1768 1769 -747290902
963 964 837442289
1440 1441 464541784
1952 1953 482311380
1429 2305 -385503463
391 392 -765448917
1548 1549 353450803
2221 2478 296550375
858 859 567467016
1978 2122 220846102
355 356 705384266
586 587 966468881
2077 2078 810901158
1799 1800 -304656659
2002 2059 -771491031
1530 1531 -588426462
221 751 813315715
371 372 -894217144
1215 2430 -641303614
629 994 -111358147
1297 2352 57969207
2126 2127 341561359
865 1479 -689159677
2324 2414 803374423
2316 2493 -470144123
2254 2255 419507352
1632 1751 537871030
1274 1867 764758951
2073 2335 136088082
289 2363 -307554470
2466 2467 675588903
974 2339 -706837845
2202 2203 -904553406
850 1152 547222547
969 970 -296517323
624 625 -183610770
2481 2482 73144142
930 931 -46754492
1995 2133 271675070
1729 2325 -286704328
2459 2481 699310657
1004 1666 -888452127
1237 1238 773185122
842 1166 -956232908
2204 2205 -617095862
1019 1020 101781951
2483 2484 609162605
2365 2395 -808448782
251 252 -944983202
1189 1190 698322321
2129 2130 -740485934
1961 2153 -101802931
2412 2458 -337290761
1746 1747 -154605523
90 91 -634010785
1640 1641 153855106
134 2439 -202504442
1929 2089 603768146
1977 2272 340488123
2285 2286 465719842
1125 2349 -283635795
663 664 916438316
345 1380 -328971647
1314 1315 -10551134
1854 1855 505252312
1706 1707 -472994189
1737 2208 72232374
883 884 -277625357
1443 1548 -574321538
561 959 240911683
2305 2306 834888466
537 2153 812997791
1290 1371 250590256
1695 2055 -528994056
614 615 -884424508
1354 1355 561357490
2497 2498 -787598880
2215 2333 -717889343
1430 1448 420171796
1834 2019 179905217
1418 1419 -413141059
811 812 -97175383
1461 1462 -49229193
2421 2455 204159421
1587 1588 777925578
2402 2413 -7948232
352 353 -350430741
163 2290 -989983932
479 480 632566873
685 1460 -891183987
2352 2459 989513166
1543 1544 -130592812
1747 1748 -598059367
1450 2309 -828580332
1767 1768 -481102360
1467 1924 -809823903
1631 1632 522802040
1632 1633 597378440
320 321 -397093520
1844 1845 770170617
905 906 601674218
460 461 347206858
1455 1456 -325994371
2306 2359 867771986
538 539 575461383
809 810 -78170813
629 630 57827704
444 2035 -555925892
281 986 609509441
2145 2223 603748686
1341 1342 -109509469
2359 2360 705828060
2159 2334 -3194567
2284 2285 -786844343
449 1691 -943521800
2435 2436 -473400651
181 182 -684727981
2266 2267 -714669185
1375 2129 84409560
1625 1626 -913499225
396 1841 -897654917
257 1722 -781539527
740 741 18035714
1299 2293 -966642962
1475 2476 149506413
1442 2392 -597625640
1827 2242 401277594
1794 2410 338630777
994 1698 45958810
1375 1376 -870201343
1511 2258 785880340
512 513 -365694457
750 2351 849200178
733 1391 -551870730
1009 1719 -1428640
1558 2310 138738130
335 336 776964562
571 1404 -85595187
208 2497 -725033221
973 1151 92809445
1672 2434 859246585
777 1376 508024676
2050 2312 -962294869
13 2368 125368248
1091 1404 199326478
138 139 372679191
1494 1781 485529774
345 1603 195880291
1562 1563 -214260418
589 590 26654183
864 1608 -327067674
2341 2342 -265767959
2341 2349 407006985
619 620 -350971083
339 340 -105274423
643 644 -264925143
1970 2008 -660402411
1200 1855 134135152
337 338 -992606933
165 1639 47409860
1996 1997 -40297401
639 640 -469164550
2390 2409 597909185
659 660 805443497
805 806 -620934365
1611 1850 368865750
702 1926 -602292018
2325 2477 -176160031
79 110 -280001431
1278 1418 279285736
1139 1140 -919170685
1271 1875 -885805819
251 2111 -397823376
104 2215 224240006
978 979 8070760
64 65 355410507
214 215 712598251
2269 2270 34868885
2267 2268 -104927875
1435 1436 -471295653
1977 1984 -473408882
1420 1421 603338273
2189 2190 -744854403
56 1647 -373005257
107 108 948909540
1141 1229 -466469816
1967 1968 -125727629
1987 2414 -417428800
2168 2225 301746833
2170 2171 708469866
1153 1154 -406541427
2472 2475 786385571
2156 2165 520738380
1210 1211 991421806
1500 1501 165787132
2327 2328 -600569802
1489 1490 -965153069
543 544 -316269523
697 698 -579541718
1393 1822 598174896
76 77 559945793
1733 1734 329561756
1172 1833 -676739736
314 315 591009285
159 1684 -783636978
1734 1735 826090301
1238 1582 -602718847
2105 2230 -143966636
2471 2472 220466119
1945 2120 648614267
69 479 -252291804
420 1271 87610769
1140 1141 125665141
2165 2498 -606041285
1669 1670 -205319533
293 294 858722114
2122 2123 -621521438
1174 1175 -302091189
2124 2221 -592615568
1291 1292 117460126
189 190 183827745
948 1726 -985614630
1819 1820 695057579
504 505 -445072358
2177 2178 -901215304
1972 1973 64918844
2325 2470 795160968
1289 2394 561595643
1553 2026 -365605609
930 1029 813846629
984 985 -86882345
1594 1595 753543468
2239 2352 -4436320
1975 1976 883528976
1936 1937 21324987
2033 2287 929347837
515 516 -378429369
1067 2250 -570872806
1756 1757 -45786806
2173 2289 298505960
38 39 -346987229
248 249 745936509
1163 1471 -287554950
1971 1994 782485136
2376 2464 -392648726
2093 2094 -199490738
1582 2053 734148042
1136 1137 -800683954
2150 2151 823653820
1701 1702 -67723488
2117 2142 941316648
195 196 936983223
68 69 630420926
929 930 843989133
962 1453 540226205
274 275 -159482020
448 449 -648464982
2096 2097 -877477302
1781 1782 376421838
1818 1819 995491022
1525 1526 -566916037
597 728 -295068522
2458 2459 678527111
1440 2427 -554430228
853 854 -320189731
727 994 859020600
2184 2185 -632560784
1373 1593 597208780
1620 1621 -183334351
913 914 893963319
632 633 -286354981
1155 2426 -95796359
301 2302 -24588911
2382 2383 318127907
2274 2329 -566254175
1906 1907 -191625104
2139 2339 -578300301
349 1466 -120106222
1499 1500 917067329
1895 1896 191079508
2116 2117 -115768479
1705 1706 -805053268
423 1163 -154430092
2278 2416 -830638389
1933 1934 892732159
1469 1470 211009096
2228 2229 -447462952
1243 2053 514877266
528 909 773624790
1532 1533 -7303996
2001 2282 -140432815
9 812 -539390989
841 1458 -949894319
1627 2002 -666032770
45 342 -49002851
1039 1040 -475356932
2013 2097 749183489
2022 2116 144604097
814 815 -489479764
997 1956 -510879513
2430 2431 -512939458
2117 2118 436369088
1017 1018 55078592
134 135 395767951
2380 2482 561003438
1552 1553 -615493752
2412 2413 -571763973
1653 1654 275621344
567 568 -63550647
2253 2343 398158311
1796 1797 305122977
80 2444 852617023
1812 1813 102043630
1476 1477 -838769981
1907 1908 -510001249
2288 2445 476076550
1989 1990 -256433085
2476 2477 -609211732
16 17 -55034983
625 1028 -962086000
1124 1873 -804542553
2188 2189 613976879
606 2279 -779222596
782 783 -643454189
349 1568 232729125
2455 2472 -526750524
258 2165 -517997547
1799 1939 -325606032
1135 1136 67978268
609 610 -682537372
1030 2370 859528124
2210 2471 738692677
2052 2203 763510082
1216 1217 204841954
216 217 -427382424
1330 1331 -955564586
182 183 450868747
629 2164 -89862608
560 561 -422718615
129 2292 513557103
744 745 892042660
2062 2179 950771441
1237 2203 -238717783
2464 2486 419963473
2492 2493 -4460072
2339 2340 261461243
2211 2277 -926705634
27 28 590791687
630 631 -385993093
834 835 389034278
2491 2497 462122964
136 137 69224394
2243 2244 630650166
372 373 137050045
1812 2088 -402240226
5 6 -753711219
253 254 -943083091
2121 2122 310991164
2236 2278 -152094924
1189 1494 -287847042
1191 2452 694355216
1212 1840 -521739787
1322 1323 -145854176
2062 2063 903606153
2404 2456 313295539
412 413 14122365
606 2495 484271278
2392 2488 561424296
203 204 592069761
797 798 428344932
1515 1516 901751838
1956 1957 -812938040
752 2202 -680798848
875 876 462592015
973 974 540406169
2002 2003 471957887
1127 1450 928571127
2001 2002 -978260217
285 286 -375323334
2397 2455 -303912566
390 462 -839873631
2052 2053 -610578026
2060 2086 -811110131
2248 2249 -374689582
1208 1209 898099427
153 1249 589823001
1150 1973 -992614083
1531 1532 415198688
1412 1413 -966352054
2415 2416 206478154
808 809 -357111269
1995 1996 -333208594
609 1080 537427645
442 443 -348350835
404 2271 659373137
653 654 144225193
268 269 -583886576
2388 2389 -439443567
620 621 -272146132
711 1265 470369769
1798 2015 608514147
281 282 -759935715
661 1878 -495029440
764 765 150729758
2359 2400 1537812
1236 1237 -794671329
1970 1971 226920311
1419 1420 -357114902
2345 2468 -366845388
199 200 289779940
546 547 447025276
2099 2349 104958625
994 995 804631583
405 406 297234068
678 679 927249302
1638 1639 -108267120
5 1274 679511663
1850 2127 91658904
785 786 695025441
1395 2181 -722107678
2010 2111 523405346
2454 2473 -515811451
399 400 -278025054
2214 2283 115364857
622 623 -847338966
126 1400 -683662512
1711 2475 232580628
1156 2376 -913228945
1445 1930 784314112
1299 1300 -805272669
1590 1591 926806769
817 818 80221018
754 755 957021047
391 991 900709970
1310 1311 -433303995
1905 2423 259088823
1151 1152 894329582
688 2003 -866812552
2026 2273 242414749
2302 2303 760196121
1586 2244 -288968724
1609 2425 -383336893
2414 2415 -633039646
1709 1710 -464257981
2244 2483 531641632
490 491 286540455
631 632 -129921832
1699 1718 -817167696
1559 1560 -295079613
962 1957 950466211
1089 1090 -119778201
918 919 -402553579
1121 1122 -742544479
671 672 -790541939
1395 1901 -6518575
656 657 372807927
177 178 -247560794
1925 1926 96499719
497 1256 -523797637
1665 2289 -268075232
1783 2036 -69823293
243 244 835631221
1337 1338 -709829767
2333 2352 243545432
289 290 530810875
2112 2113 111608265
1603 2327 -931166312
1365 1366 -722036719
199 921 -662041522
631 1540 375440775
604 605 -123727469
1309 1971 534979038
1300 1301 -126252116
20 654 -713044530
1002 1003 181083217
2474 2475 413325903
1557 2375 -819910613
1180 1181 633788874
2249 2250 792261352
2109 2110 -5519391
1713 1714 907245626
1413 1414 377067632
833 834 -687838571
304 1905 -929632148
258 2273 642461219
1119 1120 34808366
1605 1606 -729599422
322 592 -186897040
956 2500 384663851
415 416 818963080
1066 1067 462246481
2124 2355 -471211376
1280 1281 549182010
1188 1953 225920625
2135 2239 -943842649
276 277 992808892
2153 2154 -478788766
1456 1457 -940214757
1827 1933 -836364062
611 968 -818924071
1279 1280 -57322011
501 502 -197031669
1965 1966 -76667791
315 316 -660631836
409 637 110266158
2428 2429 436571848
990 1936 772117233
280 1264 290185548
1374 1375 104388129
402 403 -101485297
192 193 546144106
1102 1211 297641101
1807 1808 192894478
661 1995 -263911899
2372 2373 -182445871
1654 1655 -171675144
2321 2322 268333221
2246 2247 -395154612
1340 1341 -248694290
2181 2283 -703769682
1743 1744 -224718108
1728 1729 680934367
2402 2403 508195581
1357 1358 -319669909
529 530 941099941
1969 1970 509666726
668 669 731505422
373 374 782183403
2281 2479 -230309163
1737 1738 1051132
2289 2488 99172738
1740 1741 -689266595
1539 2082 283771142
1495 1496 -410228782
2183 2184 -928612307
137 138 -29091736
160 161 216090412
861 862 950452078
1183 1967 986525303
1277 2436 724030752
838 839 12442086
9 599 -915524980
61 62 -722589348
1761 1922 -258810616
947 2453 794518011
1734 1862 -329119364
342 524 268855076
1748 1749 352479340
680 1141 -664576788
84 1510 -674865960
1100 2238 -469423819
2166 2167 -985059836
997 998 -65964740
24 2197 -131976720
742 1102 213977517
753 754 -167313161
249 321 -50390115
1617 1618 -969734855
2224 2225 -445416097
112 113 276964004
2497 2500 -893431089
2155 2277 -463701955
385 1527 21414617
1249 1250 -897257419
880 1556 582171340
1466 2205 -106920697
179 180 137704477
227 1395 -804270638
1149 1150 -21882623
187 188 234817142
1262 1263 -17631125
1696 1697 -5955112
1652 1653 -811260736
1821 1822 350125607
2200 2488 -401069727
690 728 -616517319
1502 1503 536915484
1147 2076 612150076
537 2176 -932451779
1437 1438 461107516
639 2342 -105903509
1151 2011 -609364322
1751 2144 -812116827
645 646 -879103005
1890 1891 726737369
1528 1529 901028734
781 782 -608342500
1195 1256 529383532
263 264 860452008
1088 1089 -514038949
221 1583 769909392
2114 2165 -340688080
1227 1228 52135227
1107 1108 372617249
1038 1039 649666954
161 162 786570253
959 1166 -447955939
1413 1680 66724230
845 1300 -103325417
599 1293 456898284
2114 2476 715262016
118 119 -496254287
2331 2407 -616406440
2154 2155 434183361
223 653 670431112
2468 2469 641489341
304 305 319248516
1676 2244 -382568012
763 764 422802945
2361 2454 -454775582
344 1725 -461083907
2022 2023 967783346
1827 1828 -628986566
1974 1975 -660253891
1138 1139 -50957213
501 1319 874872072
474 2406 -555518875
1190 1933 -953020120
220 1027 827344926
1648 1707 -297952870
1177 1601 280280596
2175 2176 -185226270
1603 1604 -241322982
1081 1082 940392672
481 1596 918888871
1662 2157 761273070
1675 1676 297410688
1828 1940 -667615288
2195 2196 711944285
936 937 -992618789
1173 1628 743823269
261 262 984031437
1395 1547 -491667030
1791 1792 -736153187
1656 1779 15691331
1069 1070 593650842
806 1020 -563401010
182 1250 -20683804
2306 2307 8710952
2413 2414 -803025594
1657 2299 -220260776
840 2394 400024663
756 757 511059145
2108 2433 -464154310
1161 1580 -115417544
1538 1539 -550767193
1407 1803 975966102
2297 2298 463482882
33 833 -874279630
2226 2397 953310447
209 210 -910060170
1679 1680 -332321513
977 978 -321331437
421 1850 -86080159
481 482 -16400531
2306 2372 -19084508
2366 2367 -432915935
1549 1969 -300023518
345 346 -388442684
343 2100 658669363
538 1495 420697037
1672 1673 97350635
1914 1915 278607378
2034 2035 -590354500
1095 1096 40071183
1581 1582 122220298
1029 1030 248579535
853 2074 872073032
122 195 -130400688
728 729 -307737118
449 2247 519983091
1979 2442 -89968982
829 1144 714691772
2124 2491 907437243
2478 2483 448813047
228 229 -271485577
851 1072 -593254769
640 641 -67782275
1163 1711 397736036
1407 1408 -808714864
1592 1593 980078297
1229 1230 583854624
1986 1987 486198215
1809 1933 -777802825
542 1821 -693291433
1144 1145 536148669
1750 2163 646021520
904 905 484890490
60 61 -561524822
1359 1360 -443355783
1755 2062 -710386854
71 150 -909667272
714 715 614044163
1451 1452 -181742117
1755 1756 636552185
421 1630 939369135
2230 2244 746621696
242 2374 517716476
37 56 -114745379
291 1148 -984694107
2242 2243 -445101034
707 1597 789985903
1431 1432 -383488375
123 1152 308743881
1051 1052 167227572
2190 2191 -231346399
338 339 367331194
328 2233 466468257
1077 2427 -567331737
1949 2217 196011896
209 2374 284353895
1095 2226 -322744663
533 534 -842432830
2297 2354 674063189
943 944 -302608549
1523 1524 750963178
2056 2057 577790813
3 4 -301086211
656 1630 798899524
127 1657 985179124
753 1480 -708795987
2157 2158 -793074886
844 845 449894417
1302 1619 -638451307
1090 1091 305148873
527 1321 -769827458
1801 1802 134607242
2212 2252 -104077543
2317 2318 -26617516
975 976 22859284
627 628 -292769748
104 2386 -443468813
1714 2455 -140883557
400 401 -16485080
681 739 237668962
1850 1851 303150567
2031 2489 557954789
12 13 -56537219
486 487 -96468410
1564 1565 -423499230
2367 2368 661028314
208 955 -742157221
2005 2006 -564579493
49 50 -59755209
1888 2090 -325815697
873 2395 703656625
605 606 -856775657
434 435 29065426
2325 2373 665431442
1993 1994 -538348423
443 444 342423883
1435 1724 98395643
682 683 -234977041
1331 1610 648986505
1765 1766 -629230652
1779 2486 700669820
241 242 57534812
180 463 -45077791
72 73 -751603126
119 1452 534648098
129 130 -124381870
1580 1704 -157115557
1706 1913 837912486
2377 2378 -961805155
2238 2239 135577060
1103 1104 -698590755
985 2267 -509466371
711 2372 -877681707
101 102 858217447
1918 1919 -736335286
1281 1282 -512409414
439 622 -801382258
674 1634 -459237252
1205 2061 -324773998
1532 2290 -425405687
1803 1968 325002076
2272 2273 -577671430
2021 2126 869388374
1604 1605 -521318627
537 750 -741522241
828 829 -870582400
1874 1875 640439163
1263 2138 501552576
207 208 -405107470
1919 2087 -383160863
2319 2320 -508609434
1145 1146 -549793639
290 291 346222433
108 109 -143187610
2419 2420 -533104941
1750 1842 27194641
2424 2425 -461504035
835 1877 -197952987
885 2234 168360398
2137 2138 439153215
1085 1504 -96615035
497 498 737514531
1524 1968 240934256
1870 1871 -560333996
2114 2115 313581155
1931 1932 -858986276
74 1489 -618212299
431 432 -57296127
423 424 614483907
903 904 870877297
1742 1885 514118304
558 2269 -640346812
1472 2172 -508898246
967 968 -599063128
186 187 -600093646
597 2367 -694235648
611 612 826176340
1887 1888 663478927
439 2273 -306526014
1866 1867 630266651
1214 1215 -212061749
1788 1789 983786213
2036 2037 -550155210
131 419 -975925265
1150 1151 -285469990
329 330 802487643
745 1674 -92730109
445 446 -110333466
2105 2233 -53088208
2015 2016 -186120282
1261 1743 840363309
1633 1634 287249740
128 1678 -792740107
1390 1391 -459552744
1660 1834 -514316682
233 234 -623523095
235 236 701727966
500 501 133030166
1985 2275 -269811480
1392 1513 -757452045
1840 2221 -641141837
1879 1880 -84132881
363 973 -852867985
1441 1442 430013269
394 395 642355108
1932 1933 -713923490
2027 2305 -996713194
2065 2066 331192297
1188 1523 320235605
919 1630 -522698207
146 147 596855360
954 1928 -251359114
1798 2362 -162550851
2141 2374 -771363525
16 2118 -524775496
1184 1185 732135898
643 1925 468056606
1005 1307 -187857887
762 763 -453492022
2393 2467 -649174999
1861 1862 -328004812
1630 1970 -882129741
1976 2034 358000342
916 917 513699654
1522 1717 -154816514
59 60 574274176
645 2291 383752062
710 711 -680200431
480 481 -353426844
473 474 -75122532
1855 2096 993969608
1874 2123 -109240256
1871 2047 -48714135
2411 2423 -271432993
2051 2174 133116999
2457 2458 -355812587
1867 2412 -69511839
2361 2362 -428274335
14 1134 -629036557
1846 1847 -107514253
396 397 583204172
590 1559 96393086
265 266 193106714
867 868 -84065787
919 1352 466255940
1059 1060 864356460
419 420 -374175365
1866 2333 -249033303
958 959 -160817563
2152 2486 931967171
1033 1153 154084353
302 303 717659800
847 848 -65897679
1596 2236 789600135
166 167 657848423
1515 1996 47485826
462 463 -619891632
2429 2490 -416101290
91 320 681908796
1877 1878 -368304950
86 87 86863313
1788 2223 220900611
1638 2449 817580225
450 451 -419247603
69 70 -388938421
112 324 -708166370
1232 1233 504496598
1650 1651 -180840495
1475 2146 -794047017
725 726 -945225551
892 893 -27088526
626 627 -900502054
1048 1049 -461196902
1014 1015 727883471
2194 2195 902690508
310 942 -819346372
1884 2275 97456787
377 378 -135251712
1795 2107 -57628837
487 2157 -691589167
2342 2400 499237365
1517 2313 -300894581
906 953 -562148766
1652 1708 -316965640
1511 1512 673721464
1512 1549 498662813
837 2241 936011225
1524 1549 -909611022
429 1032 424502389
1941 1942 -423329975
1449 1932 679055552
342 1605 408950488
684 1665 -826831979
2140 2320 -929892534
2419 2455 -874436547
2310 2328 -560205431
1362 2388 978890193
296 297 -559813872
2273 2274 934199565
384 851 63249884
1215 1216 -775040361
1435 2402 528476052
2227 2228 -939200702
362 363 -688183722
2057 2404 -298779162
1952 2205 293439631
563 564 -637811345
248 723 -841323573
22 23 -272136353
732 2234 518145990
1640 1811 -37263228
2338 2339 -389324937
178 2163 -167912502
952 953 -897572386
174 175 -851005384
1403 2183 -341001546
474 475 187538843
2216 2420 540355316
2249 2467 -12066399
1 176 731700594
1481 1651 604072471
711 712 -478429482
1361 1362 -823455338
1712 1713 -359215404
1797 1798 -181663884
1218 1236 -702269718
1046 2124 -37472611
1838 1839 499788547
1301 1302 -638875389
1363 1364 857440294
491 2366 937392368
1751 1934 266045367
1923 1977 408936818
1070 1128 164525514
2011 2012 -402873322
2498 2499 794256501
1840 1841 -110679583
1005 2306 840040309
1277 1278 24012701
1067 1068 -973182979
580 581 -201515900
142 143 -262769852
1364 1482 694689780
440 441 -1075585
1342 1343 -59113516
114 115 173421426
1251 1252 -808356499
472 473 -664448821
517 518 -418148043
2328 2329 -30048097
2313 2314 -415514336
589 1567 362952313
784 881 544444557
570 571 -369877187
1824 1825 822108639
517 1541 817562417
2019 2117 -40410297
1654 1812 386397495
590 735 -436561903
1169 1170 186546085
2028 2281 734296934
1577 1578 -233622513
1024 1025 -577820948
1924 2243 -142359647
1244 1245 -589167170
1063 2296 48282286
2041 2042 -510380961
309 310 908308908
2064 2093 -755679815
7 8 -357198098
1746 2257 -477227278
1403 1404 -554365007
47 48 971703397
1324 1325 -765391871
131 132 -195979672
2209 2210 -967987346
258 259 829926828
1822 1823 707864894
1106 1107 846075343
1514 1515 813239183
750 1030 -996475131
1326 2094 -773966819
1040 2424 -763141879
1636 1637 357066409
2165 2331 -546450504
1068 1069 -709135755
314 337 -242671848
238 1374 512374631
871 872 820659526
1041 1042 -53909373
661 662 -157002467
2067 2068 195612804
608 2221 937865736
1830 1831 -695893653
846 847 -857593147
1450 1451 -842103217
1917 1950 407994502
1082 2154 362568739
2142 2143 -85140329
1966 1967 134601261
983 2258 -754333322
2224 2272 757701870
651 992 597771395
1706 2079 45462406
1942 1943 930733657
498 499 240011327
639 1582 -240708673
1650 2023 577687662
196 465 451471597
266 298 967615635
1558 1559 310696910
494 1833 -810989956
32 33 -491021626
1360 1361 -136505781
2331 2332 -202762998
836 1879 233253841
54 439 10507071
69 611 -466068242
223 224 598169627
825 1909 920520787
1319 2390 569379743
891 892 117808300
1356 1357 -252809049
1137 2307 -688740099
462 2141 524952591
945 946 -793423552
2120 2121 -633914661
1839 1840 -715849527
940 941 -207538580
2340 2341 -288317160
555 556 467194288
2394 2395 791574378
2074 2075 134090946
1968 2117 434708493
2211 2212 -732507269
2290 2291 101348434
1247 2428 -960089201
1692 1693 -407695993
1920 1921 252689396
557 558 400651516
907 908 720000610
276 2013 -51939856
1943 2305 -14245554
1061 1953 -41845604
792 793 396316825
2491 2492 -386047460
686 2236 -496122800
2358 2359 41356628
2232 2398 927804262
970 971 33774111
388 389 -410750606
1586 1640 -527044508
1439 1493 396460553
1496 1497 -153105183
1275 1590 -247866085
1681 1682 208026166
1671 1672 802132904
1209 1210 588131365
838 1535 -33407399
1534 1535 -634033960
1696 2289 322526107
221 458 -92606203
2156 2157 242842979
701 702 -613329699
1785 1786 -101313236
493 494 -55077738
1141 1142 -169320056
482 483 -21505225
2044 2216 774879019
900 901 284417974
953 954 760259728
1088 2364 39363759
1963 2163 -266739543
747 1835 -673031289
1806 2441 -598875215
1961 2196 777336275
1966 2456 299037660
878 879 -897233867
885 2477 -90637346
1410 2189 -397061311
2480 2496 563293688
341 2474 -289631940
1569 1570 -541530458
2333 2334 112838496
8 9 114362727
1901 1902 -354918025
2358 2491 -770930218
646 647 -799811935
727 977 155509152
2130 2131 344418047
1997 2468 284554454
1734 1938 -708281831
1467 1772 29390416
1299 1699 -63757494
263 2050 -995519573
1937 1938 396511105
2162 2163 242055900
985 986 92777732
807 808 943811848
1442 1443 -831260573
1266 1267 288884196
1707 2314 -473137313
918 2218 212681120
2114 2284 273881181
2312 2475 640147164
1677 1678 -132294810
612 1190 -945305906
633 1892 -30220670
253 2075 -464461837
32 1033 913842287
1944 1945 -152190418
591 592 264854841
824 2087 177134307
888 1357 -255476187
2028 2029 -400630008
840 1580 -32585618
1842 1996 899334573
789 790 69123890
1808 2125 176839462
1884 1885 -367822382
430 431 487834675
1172 2359 560332312
2069 2155 137122430
295 296 -125582263
1878 1879 -372304515
2476 2491 -148462062
2332 2333 684526251
438 439 609912833
334 335 -322746207
2079 2080 879000916
2389 2390 -661362321
908 909 216524131
2088 2089 64539982
850 851 591428299
2389 2499 681945739
1396 1397 621698275
409 410 532112838
1530 2032 919769286
2164 2165 -51633272
1272 1637 197034707
2320 2495 -815700863
2410 2475 311491282
1161 2186 -46161872
1612 1613 423948664
2030 2031 587732588
806 807 -79290787
688 2243 531169358
1723 1724 -201999349
45 1045 -509551991
1423 1424 593625109
1223 1687 214432120
1846 2029 712938139
1272 1972 -326483497
421 2165 408506853
33 34 -917718216
2225 2326 -79730894
2438 2439 692167558
1898 1899 616821259
119 120 -58227672
1400 2044 362563489
840 2435 -535334861
1734 2047 471559631
1613 1614 644064595
177 1189 -409667750
2125 2126 -979695408
215 1399 -357349424
1994 1995 835472875
379 380 470565046
613 614 526285575
2463 2481 714594808
1681 2165 806832158
295 1692 586338512
708 946 -802811230
1793 1794 -494352784
151 152 -945045983
1741 1742 -928947287
1100 1101 313066153
938 1279 -674805564
1075 2210 311159212
1421 1923 764013853
1553 2070 -121831963
934 935 13134279
2487 2488 89664327
921 922 149996162
451 452 301333958
1516 1517 562497465
2268 2269 -363119478
2318 2319 -396496942
2191 2192 -542787995
1289 1718 454665457
1482 1483 -838373955
997 1460 -565627973
1001 1827 -222247566
1834 1835 391797565
1402 1403 -633599918
1997 1998 271324740
1486 1487 -71242674
544 1667 -293385363
2135 2210 -179196084
1013 1014 -454508455
1026 1027 -402514651
664 665 171150782
2073 2074 310952657
2242 2255 -492193528
159 160 376848977
2278 2279 651650362
1594 2020 973210120
1451 1574 548992298
392 907 873795717
1676 1677 303946122
658 659 287965954
134 1410 949249282
140 2463 -609271814
464 748 -982538622
1868 2125 -627158558
148 149 402172676
1234 1235 -371696507
1298 2015 901258142
177 1872 -953445284
396 444 -846030362
2259 2260 -878172165
2141 2142 -78792765
1206 1656 -362274819
1263 1264 829312058
1755 2031 808519193
954 955 -284723550
1978 2245 -194553776
2335 2336 685852695
547 548 -6128211
225 226 -806358629
2057 2487 -460861867
207 1630 391672183
401 402 138124150
1438 1439 -183422014
2345 2380 878760070
2039 2132 607503390
615 616 -677698980
288 289 448217313
1134 1135 -55540855
1439 1440 895065032
603 604 -789953185
2016 2310 532821150
1473 1871 744600102
213 2209 734367489
345 1354 423619380
1853 2279 -527136815
2322 2323 911772211
598 599 -166274902
585 586 36900539
1853 2014 -83724353
43 444 458462154
786 787 -957955636
2245 2246 -250577411
757 2039 423300079
1084 1556 -95972356
2490 2493 303038732
2384 2489 -2340151
1311 1312 790134376
562 563 -875718627
2376 2413 -277429455
546 2099 448084278
1927 2457 866400157
1282 1283 737383133
1444 1445 566200375
426 427 359751520
1030 1552 755001580
1644 1645 -789959004
1170 1171 583547637
968 1417 226860766
280 281 -506579679
1852 2355 311958282
1530 1907 378096726
1591 1592 529348396
1074 1549 -586291579
1415 1416 -255257693
1927 1953 -754874478
244 245 -728849456
1492 1493 -520212921
348 2082 -738986891
483 484 965438162
97 1166 -754382632
149 1806 278249018
1485 1486 377323907
1731 2431 -664540650
1165 1166 257986971
644 645 542624081
255 2308 150609073
1574 1575 720831229
718 719 -21949144
932 2151 -860732802
1264 2087 539313270
470 2462 -446650124
902 2269 914770789
2344 2450 782607836
2315 2339 141366800
1637 1638 -683176429
453 2430 781086949
2293 2294 -239558317
809 894 898706418
765 766 -502421107
2344 2433 17547725
2210 2307 -105665863
619 2002 421780607
2151 2152 -745894914
293 1160 961833701
313 314 -377992203
750 751 -254607853
1328 1329 -104887508
2433 2483 -580957434
1052 2316 -52365915
1416 1946 -362501570
441 442 -544469829
1682 1683 -15644506
735 736 -391558254
552 553 -923750409
2314 2463 -863349417
1851 1865 -821933108
1938 2064 544856025
161 1543 -419718936
1201 1202 421911042
1811 1812 287495364
531 532 747462564
323 324 -610928918
2495 2496 42880635
1268 1564 -475994057
2337 2499 326548693
1938 1939 -50228765
1586 1587 -155804667
1700 1701 196302208
33 70 268432800
175 2482 707601681
1139 1636 -889864841
937 1087 -440470556
1976 2235 796511905
1079 1080 202723462
1691 2385 920260056
1934 1935 144416085
1985 1986 62538227
2057 2058 -940971791
964 965 -203278192
301 885 79388987
1060 1181 544033212
1711 1712 -880214832
1470 1471 -886681996
744 2217 182760811
1605 2252 35112669
2148 2454 -954791966
1562 1779 -990666487
2160 2161 767716220
577 1573 -933207117
1794 1795 -869792457
320 1738 301615222
853 930 138031252
791 792 -672671218
341 342 266144793
741 742 603001350
144 1308 -617651900
931 932 417391207
100 1547 675308566
196 1386 -61483016
1575 2045 -961402532
36 37 657405064
1688 1724 831534267
579 616 -990330742
1399 1708 -522996112
2118 2207 -581972604
749 750 18700367
1766 1767 -724554931
1747 2228 774848537
2252 2253 -716862415
272 1285 455105809
2338 2481 611983594
750 2457 -294215901
593 2431 498056196
2396 2473 -606008520
463 1512 499171957
1682 1980 78536495
1957 1958 424483486
1226 1227 953871427
1424 1433 -770291337
330 331 303562097
672 1858 -122384311
2202 2284 796750922
1344 1345 -587822711
83 84 456631351
1566 2212 -151447636
1459 1460 543556486
2045 2346 -756374899
1043 1244 167112119
1547 1557 482421392
1431 2071 603060844
2090 2249 -425234462
2325 2326 169905311
958 2380 -873108
1132 1133 995162380
519 520 873604345
1960 2258 -77000092
1663 2117 971712662
37 38 408495307
641 642 -763359961
351 352 -996431629
1622 1840 242835926
1059 1642 494387218
657 658 -339325119
2352 2393 57776739
1592 2026 415744265
1529 1530 -87192389
2089 2090 -576169602
1960 1961 147611402
961 962 910335996
1722 2014 373059844
1714 1715 958954413
965 966 -304556574
1471 1472 120898620
1148 1668 761037410
1814 1815 -518002499
1338 1339 -789332330
2103 2104 -101291652
1185 1186 -529695653
1192 1193 -843866354
159 1501 557992824
1153 1561 -244321331
1427 2335 689725033
1150 1654 -660970441
1015 1016 -603221650
1123 1124 -548466729
1097 1515 391472379
914 2118 794739552
566 567 -438634352
176 177 -524244028
815 2060 755514892
1055 1056 -481962533
1543 2262 -270572597
1659 2392 644648485
1295 1296 -331877429
296 2478 114355405
354 355 788142383
887 888 -375226540
264 265 730372999
2261 2439 127697535
1256 2181 808525468
2473 2478 34774151
1168 1393 302654659
660 2418 -356185778
626 1051 -926423259
2404 2489 630306995
2494 2495 520909356
1738 1739 -255302280
601 874 675989406
1913 2185 330693008
1776 2001 -617374006
1004 1517 -665985098
498 2301 -268766661
810 811 -667758193
1925 2145 -169338167
1303 1304 701712149
519 1887 -742829907
1172 1173 988392060
2267 2483 -685505794
2218 2219 -350998265
1094 1095 -913015600
549 550 -512322729
2137 2173 52020197
480 1259 468761778
2262 2263 641210601
368 2396 -329369872
1847 1848 671138195
2380 2499 317287089
599 2498 224932080
1938 1955 756229872
911 1962 989317199
2303 2304 548217822
1142 1143 341738905
1988 2007 34127368
770 2155 153325093
1539 1540 -616045782
2295 2296 -296769177
1498 2192 -312003843
2039 2303 -989198143
1091 2332 -916175322
1823 1824 794953575
1915 1916 956438658
1092 1093 159839100
2344 2377 571225518
816 1759 22094813
55 56 -717782300
1428 2046 -940275287
611 691 -500974118
1060 2470 247018100
1295 2028 -266406283
2324 2325 -669646134
2212 2392 271670689
1963 2041 -49092604
2493 2497 269524257
956 1371 -693738538
1031 1032 -453281289
2027 2028 -656809595
93 94 -337684004
737 738 -567807887
325 1847 -278224203
691 1030 -98779819
2450 2484 -407780593
2228 2245 739519116
229 230 -510443156
1762 1882 -318869108
1346 1347 485242858
477 478 371305828
1113 1114 -670414931
1253 1254 79414886
436 2359 -471259090
1075 1076 844560459
53 54 -723583239
726 1221 -205156041
660 859 585229466
822 823 -127467217
1729 1730 -307276760
685 1431 177427922
2000 2001 -10903971
1565 1566 -536649496
80 81 -809523376
2468 2495 533058642
2132 2241 -155031194
2446 2447 514121058
1179 1180 703251978
1602 1942 -97735436
1164 1415 329487324
223 1080 -382810337
1697 1718 -864416502
1662 1663 -291097909
154 2308 -63841228
1144 1586 790891522
640 2177 -940255108
1983 1984 53406349
1724 1808 -700052550
510 511 974679422
2398 2399 392171649
2418 2451 -986534218
1046 1776 -688962012
1388 2329 -19551175
1909 1910 457229297
382 506 -725914718
1759 1997 -949897096
477 2486 -361944052
895 2472 969312492
1171 1762 -385680979
2020 2021 -357597629
425 426 119001556
1144 1892 -353134059
1369 1463 141749454
698 699 -458168865
999 1000 899215592
1616 2030 973316878
1636 2123 -109273131
1287 1288 627372304
989 2109 166620700
1226 2393 544046593
1102 1655 100835067
577 1785 -896208229
2030 2039 -29591692
2312 2313 918330410
2310 2495 467757372
1110 1111 616521224
1211 1212 -318556230
2007 2261 84809730
2255 2426 462252221
1848 1849 946693881
287 288 -818262633
1935 1936 -387474031
48 299 459479790
911 1083 858588052
1463 1860 670115529
639 1157 -697607133
2379 2419 68754981
1566 1567 -111387338
1515 1698 921023501
1257 1258 -976499885
1610 1611 -591864467
1667 1668 -912556804
1021 1033 -622295392
373 1888 601642157
2289 2416 -283521833
1479 1480 424205891
2273 2360 -730217952
2417 2446 -83895771
1844 1971 400798580
1061 1062 949979443
1277 2307 -982064447
1305 1933 467510405
1871 1872 -658570622
287 2225 326912990
2416 2469 662006432
951 952 910164031
1458 1459 -698568753
2477 2478 389507846
224 225 193185817
1855 1956 -705849487
1902 1908 -445822148
1388 1389 25273749
2243 2375 826286657
1351 1352 -862301677
2304 2305 -972432007
1281 1594 750304670
2200 2201 9277962
2014 2015 -774319047
193 194 693387027
2109 2242 -59745427
1879 1922 -362925763
1146 1224 -622790668
1353 1354 -476408690
11 1842 -589898586
802 1348 -119533728
1976 2058 746357192
8 2138 325676860
38 304 -836986306
1694 1751 -644971548
93 1115 -687588840
1542 1543 -337377387
1704 1705 167576275
255 256 -561683738
2373 2481 -126903556
205 206 -131605020
1677 1802 19869335
1771 2034 -987383624
1100 2024 719006420
914 915 61978569
584 585 895939774
660 965 769341077
1793 1872 -17208291
631 1128 -420491444
1476 1651 375316228
370 371 -292128485
278 279 828583690
1302 1303 -266331827
1952 2418 294890171
1370 1371 -358087628
1143 1144 -980152390
1037 1038 945257494
1720 1721 -692994826
1082 1083 459298011
1141 1454 -741447524
721 722 651798165
2496 2497 735444473
1730 1988 -598238861
1537 1538 -876494322
1583 1760 -941813331
758 759 819036618
1460 2263 -415435762
202 1500 -932556128
2364 2448 407311586
127 128 -241978739
1990 1991 -882145034
2447 2448 323628669
2006 2266 -974141631
2261 2262 -599215388
1520 1521 -557231621
2356 2361 871940093
1616 1678 615701428
222 223 886510511
1691 1821 -13592139
1670 1671 804527544
757 758 -955930424
151 200 -510296175
2422 2423 609364084
1171 1644 792146190
1845 1846 87833784
527 528 18077269
1099 1100 -664119461
2280 2281 -456811494
2452 2457 777210986
1510 1511 -906800358
1202 1714 -571965328
1795 1843 420607157
731 732 -86849968
1463 1894 -926066610
398 399 308606205
1433 1434 -576833785
112 1471 841342029
883 923 851019881
860 861 513988696
606 1926 -536375786
149 150 -54947714
2364 2419 -869992986
533 1827 -836386365
449 450 -971056000
1482 1610 54884636
2192 2310 -181466569
42 43 524802132
1367 1413 -333232034
375 464 658910291
338 491 -965155735
90 970 -169031347
2006 2007 87375475
2340 2422 -970653483
607 608 -134710467
2453 2454 418781024
1297 1298 -345751066
550 2426 -651193228
1275 1276 412567795
2136 2478 634555874
2127 2128 -405100508
1653 2010 -594545231
713 714 -491095500
1025 2382 -305136227
1258 1441 833642999
636 637 -458503111
1097 1098 602455805
1734 2245 213179233
1257 2006 -634542907
2357 2393 -71048070
1296 1297 -549134496
2043 2496 -176880116
433 653 -541278725
1366 2200 -563247802
1382 1780 347584213
1429 1430 -538658346
2385 2439 -378526930
624 1416 -642214198
1425 1426 -521770424
1730 1731 -193420139
1364 1682 595401915
237 238 896935309
1683 1772 869047040
2024 2263 536422454
1524 2061 -288349685
121 122 281636914
1053 2400 -753319711
1060 1541 642672407
1163 1770 997559664
1928 1929 345125861
712 713 755923042
308 1443 -708233488
1313 1314 386290814
236 237 -755828340
1512 1513 27723727
1148 1149 923557648
336 337 -861003651
43 44 291895481
1001 2411 -458553736
2051 2052 -193744898
195 1803 -617671196
2365 2366 199601666
386 387 477845289
550 551 428723257
2494 2498 -905516955
1827 2259 -114453479
2026 2377 -940320455
1725 1726 617657005
1473 1678 -323833372
250 251 218990031
1057 1297 -639425790
1689 1690 812164363
2399 2459 -408009956
880 881 773862961
1724 2382 -114403268
2170 2387 -603879121
125 2073 -245094639
2012 2034 -831626107
2442 2496 186391846
367 368 -597517092
1325 1326 -748029517
799 800 -477376827
1911 1912 452849525
2236 2237 -624458255
876 1762 110750626
1507 1584 -149069375
1305 1306 950604703
734 735 504175768
1224 1225 204758546
1170 2147 -611757682
2329 2330 -795813364
1920 2069 -159726582
179 1155 991307661
2138 2139 -643551921
2450 2451 268753596
1012 2111 -930651851
1563 1564 -427180857
444 982 230021470
1897 2029 940342074
1172 2469 -153340081
1889 1890 18274459
2082 2083 -994415100
1626 1627 71228577
1185 2282 -989387522
2300 2326 218376943
525 2231 96758022
1913 1914 -930739180
1788 2346 958856380
2041 2165 -30946400
684 685 -182087128
92 185 -344154648
2223 2224 318035470
80 662 929366561
1259 1260 968134703
1818 2320 -611781743
625 626 526341621
525 684 878165450
2176 2177 -124357637
1688 1689 801165459
154 155 -702138812
2482 2497 993662392
909 910 -367006611
1908 1927 386927150
1669 2041 393679519
2401 2402 653760142
2012 2013 656722366
1769 1953 -544597846
1832 1833 543362732
1576 1577 627856295
232 233 -619667773
1687 2215 -43079051
416 1317 -61378848
1018 1019 -708456997
884 1247 189292
2094 2260 97710555
55 1254 -797711428
1066 1450 518257655
1684 2393 177184515
144 145 267802551
1171 1172 481022090
1422 1423 368499289
190 191 -97963087
1538 2391 723086715
1969 2262 -218347233
742 743 -640543148
1927 1928 527125807
1682 1998 -762647037
534 1281 -168311001
725 1524 854376192
50 51 -479280986
1717 2306 696007971
869 870 -757300447
1775 2401 678525919
1790 1791 -93122908
1260 1261 -742921253
622 1250 -223963208
1721 2263 673925919
1665 1666 510375648
1298 1608 16582292
368 648 514636503
204 965 569428255
1647 1648 -844363171
1792 2184 449771965
2157 2181 677276369
312 313 430193082
673 2492 -430054892
1004 1005 -268768563
104 105 -735987256
2118 2119 725746750
1773 1774 715556353
1022 1023 637189924
1216 1685 983379238
2019 2020 -332005142
987 1482 -58026140
2346 2347 675144124
1589 1590 -962450994
738 739 273805739
28 442 841425357
665 666 614014058
46 2222 297788144
1896 2425 371143205
1806 1807 -538433583
1694 1695 677880390
1327 1328 -149878822
52 53 427692638
446 447 477884190
291 292 -410266806
1611 1612 -524862364
10 11 -937461603
1073 1128 981331941
88 89 -704363098
1860 1861 643308645
1315 1331 -917426250
1124 1125 -50162650
909 2186 -77866870
1440 1755 -644513023
77 2167 -149494180
1188 1607 -589791039
171 172 -703606382
407 408 572495022
1635 1636 -406179350
1331 1945 789583329
1627 2424 -774191818
1642 2211 -110195227
462 2481 910529814
261 680 772791501
1572 2089 697465560
778 1260 413336978
1975 2320 -304461016
1129 1130 370134119
1702 2161 406332951
487 488 -765284816
575 1689 -486400011
1202 1203 915037593
2392 2442 971658159
1035 2106 732477635
403 404 53798088
432 1909 -255841604
1472 1473 651286352
1687 1688 -178866778
1792 2357 -914480003
2307 2308 -724621647
1962 2339 -453253779
1804 1805 525838792
1905 1906 -445714820
1395 1425 -745943919
1505 1972 12959823
530 531 643270671
866 867 132985905
1896 2191 22122036
1979 1980 173434046
2291 2292 256345072
102 103 -315310287
2329 2399 -577548949
972 1264 457356837
9 2033 576648160
111 112 -145403591
2363 2364 922970211
720 721 845980629
798 1996 288287649
1761 1762 589146628
2306 2413 68805208
1404 2277 -47686816
1259 2213 107527845
1033 1564 965808299
1227 1506 385256611
2265 2331 -426246242
1740 1776 126745011
1843 1844 -183838155
1111 1112 72376203
301 302 -383069253
687 2351 -158551970
2306 2361 581869592
1113 2264 -352891438
993 2460 167352255
366 2191 -730757121
559 2428 -462292895
517 1912 -486406896
775 776 -936058489
1541 2081 336956129
282 283 309161459
979 980 217672607
448 1776 -18186851
1175 1176 913964673
473 2305 979265748
1420 2197 -130500510
2320 2321 459669272
2061 2062 -367680456
2421 2451 -766608969
1382 1383 -946218334
2084 2085 780620009
2464 2465 -478929915
1327 1704 -208293398
82 83 -410234854
245 246 854693069
87 88 779785857
2274 2275 404462748
2131 2384 -851394331
564 1713 654473023
754 1868 81518575
909 1801 -882699309
2186 2187 587377090
2484 2493 431446442
608 609 -909006066
537 538 -919091534
1621 1622 -494528844
2007 2009 -24942143
203 606 -921474241
1231 1232 661648293
1680 1681 786610880
1727 1728 850209234
2141 2299 -914167548
1474 1752 -198041902
1648 2026 -345487452
2066 2067 -725229082
938 939 -367311290
577 578 -556539995
648 649 -880008421
1177 1178 -338362532
2068 2069 786289465
2034 2277 -755762754
406 407 -317976427
1902 1996 -455892014
257 258 117375478
1021 1043 -467483476
1237 1375 815265957
126 127 -383454122
452 1243 -944686034
576 882 -801591248
1589 2051 251681240
1583 1584 -913682696
548 1689 607643356
654 2209 -208327870
724 1678 -911950454
901 902 715329387
613 1533 314656764
966 967 -50033916
696 697 156756300
1315 1840 744952540
1702 1840 -770137077
1583 2160 693036429
1082 2200 -338727573
1893 2076 -863276731
374 1937 307887446
1529 2014 -178743288
569 631 980878875
498 1236 -901757617
162 163 -620938126
2472 2473 907142178
1009 1434 459573687
319 471 32857622
1160 1711 -131149650
108 961 -950155352
391 2153 -523985450
2114 2227 406117380
2238 2408 324836079
1731 1732 -973513750
1673 2388 -228842112
1795 1796 63611067
1105 2421 428733604
227 228 905317175
992 1770 710943763
637 2011 -978633645
471 686 -134883695
2155 2500 -708323069
1684 1685 -747285331
2463 2464 -687006887
89 1303 662283150
2053 2054 -658201539
1249 1341 539383155
470 471 -614667117
564 2415 914205516
1355 1830 -843454690
1183 1184 -648248619
675 676 -780660941
676 864 -851150970
1353 2120 475670293
2075 2370 -456654816
726 1181 135212996
66 67 -799171048
718 2451 237249490
1586 2101 -449760667
583 584 20007252
1112 1113 -1357875
1737 2160 -831839032
1309 1529 713237211
2424 2437 20094763
2322 2486 63759323
1647 2395 -161253280
818 819 649594389
2385 2446 401134541
1290 1291 359396981
912 1449 141484000
52 604 -345440336
1826 1882 566992701
294 1894 -647735322
1337 1547 870730621
1258 1259 -458789084
2326 2327 -473548391
1487 1488 -776031325
396 583 -103626681
1998 2149 -413457090
461 740 554155674
2348 2354 581158470
504 1894 959242737
1757 1758 -388741960
670 976 -803517070
2470 2493 -407810130
1147 1148 751944896
201 490 -42544260
2479 2480 -726317020
761 762 -885493637
138 1895 -371614612
1030 1031 607528574
918 1797 298137701
2025 2026 -268917821
1945 2464 -258560829
1639 1640 -969848839
1610 1934 -682106621
1752 1753 -114032449
1968 1969 -936690151
2387 2431 27777907
2094 2095 -537104956
1936 1949 -278069152
2134 2135 -239780675
366 441 -652609599
383 1447 -64250546
1872 1873 665953296
949 950 -717314545
31 32 346842251
655 935 -386923915
2070 2071 -535495464
1581 1731 -692615840
1393 1394 9854363
2261 2286 49168685
191 192 541564818
508 2425 -673156217
638 639 566716657
1465 1466 361968182
2380 2381 -702070869
347 348 -292634621
1223 2262 -845418941
1835 1836 755638299
2393 2394 -385236634
1584 2146 -777918675
2314 2315 -314981778
2196 2472 -992706977
964 1293 903677591
588 589 36830809
570 2376 479369659
499 1117 525352387
2064 2065 45690155
1063 1064 -381300470
1115 1116 -386762611
1766 2407 -589548465
417 418 618853404
866 1796 174844567
360 361 -673639346
228 316 -218120222
1886 1887 -955525975
545 546 667063924
1786 1787 -293721268
1228 2228 -463856168
2197 2198 -896061841
123 124 -496721090
250 803 -230007791
709 1783 160645467
1648 1742 -267446777
2357 2400 179877965
1020 1021 -768246213
2224 2416 60164065
2451 2476 -612094276
1783 2334 -652632725
1554 2221 -750196921
1081 1729 -793641020
487 956 821250371
2088 2409 234738520
1660 1661 859900385
1885 2188 -576339223
253 2407 -127611628
18 1357 442707598
1557 2055 340977527
827 1538 -192894592
1137 1138 724540959
2423 2424 783663205
829 830 -593929324
1109 1110 193749648
923 1162 560666038
1182 1183 277096508
1930 1931 958444292
2287 2288 -395863531
214 894 380058133
219 937 586063653
2080 2081 581397238
1255 1414 -992942454
1783 2222 504218257
1736 1860 -207110434
1808 1809 592374560
1394 1395 868702443
895 896 687964082
2 3 -400637547
726 2486 166463799
2221 2367 -882230696
576 1992 584118072
2422 2485 -671756763
2478 2490 -932987257
347 2004 -597371764
477 2124 -604680239
2295 2322 -514279243
1487 1725 -413847851
2322 2420 182147556
1334 1335 387847122
358 359 718396508
612 1827 62440068
1411 1445 -558678120
2262 2367 408590297
1651 1652 737642008
1481 1482 734740116
2031 2032 719009866
1118 1119 722630909
1259 1751 -893993890
447 448 84564807
2204 2431 389108403
89 90 66139305
724 1057 -40460567
2130 2489 56627334
1873 2180 -338503063
2118 2358 -619974894
1329 2266 501161075
845 846 717618318
1228 1962 -581981456
2063 2064 -427495841
876 2399 504722675
1247 1248 -449951424
2386 2387 779882657
2152 2369 -490221042
1618 1619 -959281198
75 76 333021687
2239 2240 133937821
1576 2418 -437158106
922 2374 822401361
533 2210 -181131797
1220 1440 392369385
221 270 -414657855
610 611 641440725
2091 2359 -572121614
259 260 837449920
2361 2419 -414623036
2354 2355 784211156
835 836 -243053732
274 1808 922608657
2488 2489 683242671
413 1123 -190427176
806 2108 412060295
385 386 -459033137
385 540 670384839
1772 2168 919285437
469 470 -985252683
1630 1631 404800437
2099 2294 -768202550
343 344 -23833957
977 1973 420886308
1897 1898 362505324
2126 2299 -397695007
2345 2346 639099815
488 489 266565539
1750 2440 -824263815
1173 1829 -699270298
59 1890 -768762287
1689 1979 647336404
2215 2216 -560702844
1398 2022 453107867
911 912 -273749753
848 849 -94339087
1246 2065 -472436353
2439 2449 -209629456
2293 2309 903025007
1952 2091 -196912010
2158 2322 836811171
58 59 694538701
1987 1988 897714811
983 984 -812329434
1298 2197 -688208369
1770 1771 -409134385
77 78 -929065343
1308 1309 -776802648
427 1230 530431756
2252 2473 -632552633
504 1819 904933809
156 157 -446448703
942 1587 171841170
1865 1866 552749838
730 2395 -557560360
1153 2296 107024315
265 443 406365648
1166 1167 -476342948
1710 1711 488709971
300 301 566313822
1774 1775 961520854
578 579 -895947105
324 2181 223809261
2364 2365 40425025
1110 1928 -980881424
1909 2467 842091555
51 1496 951620707
1500 2352 -512597397
1849 1850 634895902
1125 1126 -465467849
582 583 -506569671
1749 2013 509689735
719 720 647775535
732 766 693985170
85 356 -790932067
2003 2028 -244265063
477 2086 490820089
2281 2282 -934814116
942 1078 -706400695
1223 1224 379582113
1373 1374 451932979
1427 1428 17904970
790 882 385426060
2472 2473 91906959
272 708 709729854
2198 2199 -739428393
827 828 226173443
1803 1991 361714530
2313 2359 378380624
561 562 487746276
503 504 453516000
2310 2311 -160342989
74 75 893579457
1525 2435 -751036926
2018 2019 -67742863
888 889 -678335801
2003 2004 6980775
1627 1628 959484208
928 2495 -898760200
15 16 -400252931
1628 1629 672342856
1012 1013 389859726
194 195 -918988661
1163 1164 -700635948
1642 1643 821848882
2499 2500 800133263
2285 2286 -583545306
1899 1900 768404234
526 527 619938071
1454 1856 357983294
2101 2102 -877317559
1288 1289 788094043
1367 1848 808726146
568 569 -100731496
1267 1268 -626816215
1436 1437 927251169
961 2072 -55094973
2199 2200 -355619146
2151 2351 796552027
691 692 565064014
1218 1233 293203200
2146 2147 241239325
879 880 -478464984
1634 2099 -59375743
1904 1905 775293088
48 491 666406746
2230 2320 309949585
2268 2269 -195497265
607 1606 966478899
1111 1688 155487273
1238 1945 -981760390
1223 1629 665059183
278 1017 -523299165
1024 1930 274231358
633 634 -891166332
81 1898 -539762679
2375 2376 447181064
285 2426 -111058986
1730 2297 429929910
759 921 289928510
1187 1188 437570153
651 652 690384435
709 1007 -632861337
2415 2425 -784527597
167 168 919564862
1917 2171 973056974
413 414 -718165752
30 1513 243292369
1468 1469 921177923
1719 1720 -254498100
716 717 521671681
2288 2409 -22720279
2091 2092 -764541805
1826 1827 -149661396
2145 2456 922258802
923 924 460381812
13 554 -55337647
1351 1721 156897422
1601 1714 -831148699
1954 2336 736362698
1868 1869 979837443
496 802 376248207
1125 1376 943594268
2433 2450 692457448
2050 2051 -844400202
1809 1908 313694621
1149 2233 -803479442
767 768 951269501
666 2050 97538749
1049 1615 80716230
951 2434 -259634632
1352 1353 971048567
319 320 -254306869
2133 2134 451675861
2370 2371 885419241
1387 1388 594322884
374 1410 986651170
2179 2180 -972332905
9 10 -944325556
770 1439 313805659
2279 2280 466128630
1177 2349 989672432
91 92 822444387
2406 2458 -537243210
524 1770 -422320330
277 530 -41387281
652 653 643238690
1961 1962 444891244
275 800 552946754
812 813 548196050
1485 1932 188950249
1588 1589 536146820
1101 1102 -785172201
1249 1274 286072594
1873 2432 185090769
1250 1251 -174508713
284 2246 949954925
1292 1854 -241933489
256 257 684147357
2119 2120 297268841
349 350 -309091121
42 1471 283899818
1567 1568 517681966
14 1233 496692459
303 600 -313930463
184 185 -786788323
270 271 595603715
1619 1620 456179949
1928 2355 192420256
2100 2101 -557887989
2311 2312 -615384511
1200 1201 -95799302
1602 1603 -589534981
1749 1750 446994142
1431 2193 10642667
1276 1321 930394889
1775 2208 204929205
2481 2493 -47709854
1650 2103 -938822376
1056 2427 895353861
830 1031 49022418
1498 2261 -494381809
98 99 523486182
535 536 980635174
1981 1982 -106256185
2335 2377 -502285616
459 1423 -379476404
288 2307 65596168
1341 1955 733339040
2476 2479 -970389878
254 255 766267750
2455 2456 924789820
1484 1865 -361331166
2136 2368 -391074300
2033 2034 136818474
2164 2490 -97964226
1776 1790 474046765
859 2179 550447018
120 121 916660266
554 1602 -287238306
177 1110 422996671
1398 1399 -659786605
1984 1985 270133135
336 1331 391119802
1775 1887 -588015418
1806 1876 -805494996
2225 2481 9536600
708 2020 -39813841
703 704 -618995244
1813 1814 -782789942
2323 2488 -970899614
26 27 -979056658
599 2019 -238708125
2355 2372 -627179987
1607 2197 -37127063
1081 1564 -91868866
2265 2266 -278277700
1001 1002 868562973
1000 1001 -805808060
1331 1332 522908739
1557 1558 680862959
558 559 749305265
674 675 -692661590
1724 2346 354808649
1936 2050 962159979
1729 2451 -382599325
1123 1286 -681226756
1457 1458 -512839606
1157 2018 -741669256
2432 2433 770729190
1668 1669 26171347
1489 2209 521584224
350 351 300170496
1778 2405 -130927197
729 788 -250599144
2221 2222 -39795810
1384 1385 571176098
1104 1105 140941736
2357 2358 -890176870
2482 2483 31294793
989 2303 273288195
1087 2395 10237867
1491 1492 -35646876
235 901 -815767871
1023 1024 785049048
672 673 898532999
763 2275 297087023
1707 1708 320790240
1079 2331 128630397
2436 2448 -819265245
1596 1597 280121893
220 221 -341214417
2472 2492 989299113
1412 1946 -463246342
1197 1198 920526156
1425 1595 -323080877
297 1882 -920880650
1256 1257 975293150
1998 1999 -60053574
1307 1308 -521814458
484 1488 -932906219
679 1792 -270728456
412 1988 -389580855
2490 2491 -695236164
1474 2202 -413471812
2181 2182 -506534002
1942 2055 635958224
785 1151 458086555
149 1536 -511076723
1446 2251 812847038
1764 1765 -272637587
679 907 564928846
565 566 825068594
266 2069 403405076
2392 2393 499114303
115 116 -620018689
1432 1795 -955757568
310 430 -250680223
2487 2497 210730843
1058 1500 689884411
178 994 -962622822
130 131 -555547127
214 1883 -43769475
677 678 -776029488
730 731 78514336
2050 2111 -12273740
1384 2290 -466049272
1176 1273 47478490
647 648 824321449
1518 2245 675453205
2466 2489 455492511
2271 2272 -897249021
439 1470 948376635
329 817 189591861
208 209 794492490
27 1640 -511670024
2400 2401 234617315
2395 2396 -304861558
1399 1400 34995613
1308 1465 639559481
1852 1853 509546995
1556 2234 -771843496
2099 2100 -320498516
2114 2432 -44814790
152 1114 -118723682
212 1456 -670843314
840 841 -260708151
537 950 -546524118
97 241 212198962
1655 1656 -111132526
19 20 196856418
2003 2017 774782086
1058 1059 582521871
1194 2251 -539060781
267 659 329599824
1893 1894 -679952580
592 1298 9669743
1606 1607 567286273
2406 2407 131318700
356 357 814806
2441 2453 51282174
499 500 -965395612
471 472 -65924302
1445 1446 96092885
751 752 442135418
2063 2337 345234293
2253 2254 928725925
2097 2098 -250836651
1400 1401 212984338
387 388 264269989
253 1311 -281592852
1049 1050 -436306021
97 2324 4639006
77 1401 633959988
469 1559 -659419603
1550 1551 949874764
2092 2093 -254390774
1271 1272 131087697
46 1031 602608446
1992 1993 85255847
1648 1649 739064638
2008 2257 19646565
310 311 82623473
2396 2472 720750315
1319 1408 -402092105
2222 2431 98826558
2144 2145 968545020
506 1250 -933351821
1367 1368 -245514702
2252 2426 -17963467
1973 1974 576893560
1212 1213 -32877669
877 878 -537407943
1656 1657 139268136
269 1926 -948557544
119 1485 684198942
112 1941 -30201653
880 2417 866116806
1923 1924 -513554289
461 462 697539975
103 104 483727550
879 2424 614405749
2448 2449 -749813671
1395 1396 -200511124
55 595 838437638
1293 1836 627244693
1560 1561 292739394
159 2458 510755129
1780 1781 978961719
380 381 406300701
2032 2033 522296114
2293 2400 539210312
1929 1930 -345989626
869 2041 -611771361
667 985 390739208
352 1615 -311507386
813 814 980785231
1504 2105 -170838385
452 590 -437843646
2138 2279 -784178471
49 1210 -380351259
556 557 460200522
2080 2494 -949940745
200 201 -619838752
1462 1850 -156653001
260 261 -820231032
172 834 -292317892
2436 2437 -957540677
1045 1046 75667091
2288 2289 -80125780
202 203 661327594
2427 2496 -209591358
1815 1816 259556627
599 1921 -489987880
2323 2324 -380114648
1851 1852 933299428
2471 2487 -163823393
671 2430 -888436369
56 57 -313821238
188 1628 -44575487
1006 1007 -520219415
10 2423 757594580
2116 2406 -493167198
705 1692 -942622979
778 779 137660847
324 325 633351287
1173 2168 378290599
1775 2338 944579105
579 1126 -941918471
825 826 -283151382
110 1213 -519134945
745 2176 -914411271
1287 2442 -342162386
683 2202 762899830
1529 2096 942774683
2173 2174 789270710
57 58 107582428
638 2322 284897935
1852 2444 326673080
420 1615 -580696586
1896 1897 -895323218
16 2322 -476964328
769 770 -599151535
413 709 -310875506
1519 1520 479262215
986 1348 122205056
1242 2337 628227545
974 975 -26675733
2368 2488 666656377
2237 2238 359000722
1374 1402 -132192375
1102 1644 305118062
2075 2076 -368976512
2205 2206 65204033
1012 2188 919268446
1428 1632 -839500415
636 1793 -564703748
1073 1074 -600214937
666 667 17078051
1113 1466 721728639
900 1256 487165337
722 723 21772345
1814 1970 -344880269
634 635 734044237
1698 2300 -757110057
2197 2302 -730007487
506 507 -853302040
1245 1954 -201863317
375 376 -690479937
736 737 -291146872
1999 2000 675643462
2369 2445 -806786336
1697 1698 777695105
1051 2359 -539324217
1206 1207 -398208869
937 938 -860438528
244 2160 -421409204
306 1985 -238940245
2348 2352 622667638
1712 2102 -330645242
504 1989 -471894092
2303 2434 665025697
612 613 760971841
2116 2219 518116466
154 1284 -705342145
2374 2375 -860175724
147 148 887990965
849 850 -784963285
1709 2412 -112473860
1213 1214 787465385
1053 1054 68526599
2 413 -330705029
2360 2361 -344455923
418 419 -274634689
908 1964 -360904005
1544 1929 -177964131
1759 1911 788622212
613 2456 -699036004
1779 1835 533306635
4 5 -383114401
1524 1978 445320699
1951 2370 954604621
2344 2345 558434771
2192 2193 -331543616
1410 1411 -723638542
199 934 440640053
1269 1270 -254764319
1715 1716 -611027024
687 688 -965093061
1977 1978 115495206
1568 1569 413408307
1421 1422 934597685
2384 2385 896113031
684 1963 -597988141
1219 1220 376490046
251 580 222884517
717 718 635084201
2467 2468 -976679188
1982 1983 -935423347
1148 2081 260369261
62 71 -812491136
650 651 731424806
1003 1004 -688014861
1991 1992 763370175
935 936 -576097790
1389 2273 865237390
2399 2446 -258173216
1739 1740 -259805480
1246 1247 -751983885
2371 2372 -416185855
1164 1165 66419341
298 299 119568393
760 761 -978928865
758 1343 -134732703
2257 2258 182049976
2176 2203 -26097360
397 398 851181923
1217 1218 -105716305
520 521 -493254058
1937 1963 -212058155
1924 1925 681943359
3 609 -800116882
616 617 444677539
2135 2136 497686990
1379 1380 -235470170
1547 1548 538808866
1517 1727 -664531292
2338 2462 25244376
1522 1959 824044160
709 2484 648478477
1948 1949 -595130908
893 940 -695017352
1378 1628 -774457165
2213 2214 -721351665
1326 1327 -309632685
1664 2426 -421896694
1377 1378 253493417
852 853 460832835
1278 1279 -250370888
542 949 71468169
495 1998 -736600857
1019 1410 -765464101
226 227 90062136
647 1087 456409723
2404 2405 -574125188
178 1612 148110137
511 864 -769045447
1726 1727 -217963804
646 1237 854354905
2460 2461 -836680286
820 2200 186865394
1657 2295 -625387952
2031 2273 -250271495
1484 1485 -755090050
1093 1094 -961481350
1648 1837 -418900773
754 1384 539515802
849 2215 862302870
2180 2483 349049255
2198 2312 671639938
2230 2231 72838129
1967 2315 -98565947
1292 1939 -737022912
2207 2384 640015155
392 393 -446744155
492 2396 -254482150
2431 2432 -537771952
1815 2071 -829444279
747 748 -83014160
1355 1356 -410663010
1264 1382 -234438176
351 584 658887032
2484 2485 -488644012
1095 2500 630434702
686 687 -8194062
1600 1601 -646102833
1207 1208 505186894
317 318 -216260284
86 1424 813912310
73 2304 -799566158
1080 2326 100139314
1950 2254 -138897791
502 690 -785429629
1951 1952 -977620427
776 777 444103944
1034 1035 998325013
1392 1393 -101824342
224 1363 -477653447
292 2064 -365337868
1673 1674 129015461
1340 2216 518969381
1616 1617 -620589108
1945 2264 239677708
1161 1606 813169163
507 508 89253680
2264 2265 845992204
710 2065 -561301885
2396 2479 -808075310
1624 1625 582512261
1588 2221 -900516653
1478 1479 400078200
2393 2401 -470029755
2401 2432 487930716
1957 2029 827403197
2316 2317 -730065566
1283 1284 -680576715
84 85 -746492543
2366 2449 -456631153
748 749 -767645558
1873 1874 -291050393
24 25 -585721263
2443 2491 -511216017
592 593 -913234046
879 1774 -784248432
75 1130 -11161057
1957 2307 -517270151
1575 1576 -74180835
2465 2473 546189767
2347 2348 504928953
1911 2027 12844684
2491 2492 724582325
1520 2022 294348237
941 2254 -324604058
467 468 -136295413
273 1418 738071862
485 486 -953694741
1762 1763 -377691113
2437 2438 639796948
244 1958 -713581250
21 2133 673519814
1488 1489 -44264413
1960 2236 -308992629
1498 1499 863179451
595 2383 -55662821
2194 2475 568901601
1471 1548 258807148
1167 1168 -770143691
1061 1923 -904515126
2149 2150 781576780
1383 2211 -975828080
2276 2277 -519801725
1390 1400 960231299
518 1686 -978179005
284 449 -658238423
1798 1799 793168395
541 542 -212716807
742 1921 241637061
408 409 -763768172
1365 1429 102355126
1980 2102 -233104485
2465 2466 346814544
1570 1680 -404730253
1639 2394 354745441
987 988 -486308325
2112 2400 -597490421
2402 2482 937071847
858 957 -512688895
1677 2004 -621330360
700 701 110020583
2284 2424 -880582615
752 1981 174788273
14 15 -337377612
234 235 -643740829
2121 2201 -366291639
1903 2216 -787135460
2433 2434 -538724276
125 126 -807665669
489 490 -801654479
2105 2106 625145860
2489 2490 -402079110
1435 1593 -345638553
868 869 308858638
2017 2018 -83007777
518 519 23370538
39 40 -268469200
1828 1829 -458305544
247 280 -590799382
681 682 -921202632
1349 1350 911750184
817 2448 -440642440
1698 2308 921831931
306 307 779664406
2315 2316 656490770
1686 1759 -902437021
1130 1131 749323215
732 1877 -464563065
1424 1425 -176313396
140 141 91736750
2406 2423 -839112040
1867 1868 -113776250
1588 2158 -427720430
164 165 158166537
65 66 991774540
2461 2462 744700230
1025 1026 -296129203
1007 1008 -324277816
771 772 236472721
513 514 -928518589
1110 2389 28607082
746 747 321630933
46 428 679047535
902 903 -617149297
363 364 -854847114
2193 2307 772834029
2174 2415 252255169
746 1726 -108454290
799 2312 -316273106
917 918 -987005811
1416 2079 535619082
466 467 916860178
1442 2152 -754728987
1758 1759 24064590
485 1223 -512429362
124 125 -767482440
395 1420 -406132240
30 466 136935409
1754 2319 534474268
712 729 335872571
721 1955 483865596
1121 1849 -825591870
1011 2151 896369778
1054 1055 -638110429
1902 1903 -290213796
175 176 594355151
894 895 300065274
2062 2098 -818907109
2017 2090 441360612
1695 2150 -497894308
485 1074 -707423089
950 951 -473836000
1683 2482 -305030214
1913 2143 419703626
1426 2444 -947551540
2162 2390 -147646012
2383 2384 -730193906
1261 1262 -96434229
899 1144 748015253
1831 1832 918658332
452 453 35883851
1163 1768 -496971500
1173 2084 12070706
299 300 -692016641
308 309 -298801235
473 2394 761023913
66 1514 560549329
1946 1947 -915273566
284 285 -712345076
1971 1972 554987337
1963 1964 -974884725
183 184 -273051184
2062 2325 520226938
743 2199 -552457443
617 618 -898392173
422 2018 181162443
1318 1319 884461505
795 796 13815519
1460 1461 173193909
1753 1754 -975228145
1535 1536 204956344
1043 1044 -428183761
1798 1997 -302683587
1538 1987 -437944472
2088 2398 -962546457
1779 1780 -667607663
249 250 -445108562
266 267 426188923
1698 1699 -236094679
2143 2440 -256535401
952 1849 -607302679
1926 1927 559590564
509 510 915525409
1891 1892 632576694
1795 1815 -537796637
1825 1826 751048391
2409 2410 304694198
2366 2398 -489149635
941 1245 314659784
1874 2312 929994856
2148 2149 -831921857
932 1795 -657286066
724 1865 -665694517
1778 2328 785286066
636 1237 -602758467
420 1775 277833752
1094 1486 -325335361
2247 2248 765267905
542 543 794723115
2087 2088 107542425
2179 2473 -862421290
18 19 -143126858
1797 2465 231825071
2282 2283 -909237371
355 1057 154089129
1241 1242 762844765
1101 1596 430958333
1844 2451 -275215766
283 617 -505145955
1624 1850 -851175747
1102 1103 -249955144
1397 1398 -63480256
2423 2483 911829759
1641 1642 -545305718
1037 2465 369431361
1036 1037 -940810527
1209 1594 233580240
1434 1648 859494751
1783 1784 109196726
1953 1954 305225602
2416 2480 -676119660
2293 2312 -530550646
1010 1011 -592095524
1685 1686 -566769277
692 693 -898177111
993 1201 -841485172
1162 1163 -994777579
2192 2385 228940088
608 827 626540775
2462 2463 -149148010
1978 2119 -139427983
21 22 -49211753
1335 1336 67535617
803 804 630840925
1859 1860 583848837
548 549 -423785137
1008 1571 -378579971
1892 1893 -54174719
889 1355 576912910
993 994 -810724153
1965 2023 59123059
1771 1772 382472155
1856 1857 650317980
1446 1910 291777110
1645 1646 673529257
897 1040 -957463010
1235 1236 206724457
1245 1246 -733682250
1434 1435 -997886334
25 26 261965323
1655 1682 726789921
729 730 -792964217
1354 2280 -601179915
382 383 570364065
1630 2192 933910826
2011 2197 848490475
1747 1825 -156972957
2002 2106 373519250
2155 2156 558498632
398 1166 -580926510
2021 2156 -345042395
772 773 -317180383
606 607 -204694339
414 1919 745705114
283 284 -77022006
328 2238 -946116724
1348 1349 641768258
1945 1946 752540599
2438 2473 -734114343
132 133 972793264
1527 1528 689364852
1118 2486 -520668366
171 2316 -415986356
1513 1801 90711971
1116 2498 -718823888
1745 1746 534981155
115 1951 286429944
167 2462 -914116055
1415 1566 -248688354
1249 2127 76441685
713 1467 -240341500
795 1783 348048584
912 913 -877615465
63 64 640608272
1350 1351 685821672
2021 2268 -764493557
2307 2422 412695766
1194 1195 -986598746
1851 2233 396534801
1136 2105 870476921
1646 1647 -47077143
1939 1940 827829218
2086 2087 643469911
2174 2369 513637890
596 597 -295607025
397 1624 168843358
887 1270 122639468
87 1493 785651807
359 360 -128769890
903 1769 455687284
2107 2368 550094095
2081 2082 -401225177
1426 1427 359437877
2341 2466 488423010
56 1495 -870141168
1343 1344 -886902107
66 2306 -681266655
212 213 876024769
523 524 -554272872
111 506 -908315190
900 1263 -46659084
2122 2367 335162011
1114 1918 767657641
1868 1954 404655556
768 769 196979714
1228 1229 640251595
1855 1856 -896160934
944 1438 -788917304
743 1241 -482628982
439 1548 916920819
1455 2189 -769111644
2488 2498 -897288812
1621 2249 -965157265
1255 2234 -364128556
297 298 -545567125
2182 2352 588540672
893 894 441788221
1594 1692 -176199572
587 588 803462419
2232 2233 -749890721
1965 2433 82347951
1857 1858 -684394272
291 1601 317513117
2465 2483 -528199708
1039 2499 -527712790
1649 2000 748166547
2207 2208 24060000
194 1093 121456366
1531 2034 -72855713
2168 2317 -985590265
702 1741 -587051315
2368 2369 864327942
1823 2057 -632878447
652 1188 716200203
2045 2046 -506848025
68 2471 -181387431
500 907 613022766
368 369 824043390
2214 2317 -345491613
885 886 65480653
2109 2293 -677556991
689 690 -334712994
415 500 -686938278
2223 2415 -204905755
1052 1053 923411573
1005 1006 -164659493
1083 1431 210909692
1951 2463 -828018520
2008 2177 567600909
1329 1956 397127062
1644 1882 -439120786
842 843 935733734
1921 1922 117337846
728 1836 331381997
34 35 453578918
449 1179 99328585
675 1569 464162859
2315 2399 93737599
1463 2415 986546690
1457 2473 37297966
1961 2398 541436233
463 464 -428120607
2156 2462 -523362881
732 733 471556018
2040 2041 454999288
1939 2491 686870742
755 1303 -196909810
889 987 -871825456
1910 1911 -972270276
1428 1814 -460380570
421 422 -116516524
1068 1823 -818649314
393 1700 823533390
1056 1868 674739963
79 80 811951179
2442 2463 622270464
2401 2429 687948641
966 1633 990147985
1832 2235 -378645763
1958 1959 -427763638
951 1049 673753603
1936 2300 684911711
2355 2356 294084039
2186 2208 539255786
2016 2351 -723217793
933 934 596505339
505 506 -662795197
1484 1742 38665230
1430 1431 58217027
1925 2239 981209505
97 98 534078555
1916 1917 -719656988
1076 1077 668506227
164 1768 -645173300
462 507 -141122692
892 2282 360091953
1120 1121 -370270588
1366 1367 831414113
1105 1106 -484837168
113 1137 -378943111
820 821 552253491
1888 2065 -972180399
117 118 249537685
1894 2022 366589058
1559 1655 116830493
2013 2014 -540888446
1358 1359 -497363267
2145 2146 -492313291
1021 1022 -152488591
1501 1502 71021431
893 2069 308578395
886 887 -622228199
600 601 -730903532
833 861 -280351793
939 940 171597480
1416 1417 -759145751
854 2354 406063304
2356 2357 665285786
1455 2394 258756635
48 49 279344647
2259 2432 -299244440
41 42 18711367
2301 2302 12605100
1911 2178 2257940
1597 2165 -87646348
2251 2252 13937235
760 1188 -221472784
2292 2293 -919116920
2386 2473 -593379600
796 797 -343824592
108 2029 -849258096
1172 2417 622700620
1962 2423 369673705
873 874 445446806
395 396 379767836
1146 1981 209895412
1116 1117 -96910425
1820 1821 506742904
1037 2165 885686914
1079 2329 -578986814
1122 1123 36568383
150 2005 -136270331
145 146 -53377589
2105 2206 -593906763
374 375 -122757902
1514 1892 -978325034
553 554 -455761208
2362 2363 -276308496
1809 1810 -53355975
1173 1174 425206731
1883 1884 -866140277
2111 2112 262925997
2403 2404 778434244
1754 1755 -835715561
536 537 -433127461
307 1999 -943693419
1908 2354 -749615327
826 827 276467625
2198 2447 491909779
723 724 -933211259
995 996 931777434
1964 1965 327555053
1721 1793 -992580902
265 2121 873036779
2411 2412 -401398855
306 1309 61022585
1686 2398 415034748
633 2410 407783060
2180 2181 -264852097
131 1422 174878843
1117 1118 -139703426
1088 1330 563423462
1598 1599 786443215
1607 1608 -443755049
986 987 167175874
2473 2474 -222236598
1202 1255 -382594904
1078 2157 331106406
559 797 48664455
965 2394 -636271419
904 1318 -245687433
1919 1971 406077291
35 743 309210590
2441 2442 -640749426
870 871 653539449
1742 1854 258039936
1272 1273 978355323
583 2087 536959785
1629 1630 961284685
1371 1568 -905227434
684 876 -21083615
331 332 -773681356
1178 1179 -133273535
1273 1274 -841332164
849 1461 -689277271
1270 1959 -34052405
424 425 -253757820
1494 2064 -841446801
80 1708 -788469529
2296 2297 -419703715
1224 1589 288672733
1385 1386 -163384768
494 495 -267182999
1343 2186 497761935
1530 1764 -214381141
2019 2444 -466839945
727 728 185312837
1214 1434 -183867280
942 943 -178583060
402 587 -612996230
93 2124 -448744235
1412 1546 332502241
982 983 924390085
6 7 -725844820
793 794 -779713371
937 1234 948439679
1935 2024 398963911
483 2483 862918644
1125 1926 -439614529
365 366 -784211251
2260 2261 970309629
2043 2302 347914253
201 202 -340138888
2071 2072 -787750831
1156 1157 -153218877
206 1592 -190102011
1878 2238 -695596647
899 900 -374644266
1222 1223 647380961
2185 2377 163909337
344 2002 429396903
435 436 -855455487
340 781 208790832
247 248 -473311896
456 1170 -62636320
2339 2359 183463190
642 1403 366885213
1554 1555 166570873
2264 2327 -523877965
2456 2486 -232885486
739 740 673160199
1824 2427 12620521
2181 2211 -793679079
1146 1147 382779342
508 2028 -517527468
1120 2219 -810031343
1887 2031 -128046232
1218 1219 -335023665
118 389 636601594
837 838 -250586675
380 502 558846593
2147 2148 -275076156
2047 2048 -620734678
628 629 363805806
1098 1099 946017983
178 179 -7410426
384 2431 413001749
384 385 395642261
2494 2495 265583019
1432 1433 294630653
2169 2170 877389323
1299 1532 393342814
404 405 322038411
344 345 -255121766
1593 1870 252480506
1763 1764 657715496
1120 1504 115438689
1109 1592 -633159483
1954 1955 568964
322 323 -582532031
971 972 296371527
695 2047 610343536
1950 1951 -623537836
1546 1547 877448444
74 2122 -500310742
2231 2232 140097450
444 445 595431609
899 1226 -958429989
2218 2359 -982185501
1721 1722 -826860558
2076 2391 -84501155
1176 1177 -820352543
92 93 1734539
280 1620 -306983522
525 526 582396982
315 1962 622232490
6 146 680268970
1084 1085 -864331360
422 1531 -751505931
851 852 -880309616
1283 2291 85558900
1760 1761 -780299765
447 1390 -929119915
828 1414 426868592
492 493 820466681
2041 2259 772808064
223 774 -896011192
157 495 996084111
1837 1838 -587651469
1949 1950 -526251160
794 795 -115919578
998 999 52644184
259 563 580527090
1128 1129 372554181
2045 2176 374404127
1536 1537 -695417586
2485 2486 121307821
927 2450 -901826722
597 598 528475467
1805 1806 601822699
2454 2468 352147758
5 1599 -93412274
602 603 -561076158
1710 2295 781405696
2404 2450 -81900717
1207 1380 192191435
652 1923 -939509583
606 978 318384184
204 205 -182530802
1658 1659 -450455129
2408 2409 637173462
1422 2001 595213522
1220 1221 -420607962
2016 2017 -738686687
1324 1394 -892006434
1133 1134 98685230
2116 2122 -566555384
1587 2231 -702289438
927 928 513770588
1788 2105 -63123394
2173 2261 19312787
1060 1061 670634707
197 198 -283085120
852 2233 -21389385
1528 2375 -83371578
1465 2153 486898900
2303 2414 594898236
906 907 -329351903
1506 1507 -720482391
819 827 875361127
1472 1865 21668605
522 523 -2366059
135 136 -616550248
926 927 176147138
1152 1153 637978754
581 582 455302653
840 1877 -565594206
1597 1598 -392229965
230 231 -282434500
2234 2235 -95315805
307 308 -993893968
1188 2474 405055405
972 973 -558143934
788 789 -191893576
1244 2204 947300012
924 925 -787437276
1920 2204 551233928
2470 2471 743010370
699 1906 -953527508
574 737 746196845
2459 2460 154196611
2326 2423 194355406
65 2104 -706503745
218 2050 -569859130
393 394 952927077
105 106 716751697
989 990 610249978
489 2420 655909248
1309 1310 -809878685
1792 1793 -798096187
1416 2080 -504068018
1872 1887 853753537
1108 1109 772765949
231 232 -662902604
2212 2213 -215733700
2387 2388 314668168
2095 2096 804375277
1383 2409 -394756691
1292 1293 -988631467
783 784 402207369
363 2224 -358667967
2421 2422 -448929878
1080 1081 -573689955
1446 1447 -744239857
2208 2209 869150434
1042 1043 -645041771
1626 1721 897150977
1429 1982 -182393852
595 596 -51368285
411 412 -288440462
279 280 236492612
1317 1890 -47585725
1168 1169 745113816
2375 2401 505348514
714 842 155049709
2261 2298 289580095
2225 2226 -636575015
2072 2073 -546248838
1462 1463 231124646
2498 2500 737966750
2418 2448 25547936
1897 2317 15921462
1553 2315 47897526
2283 2429 787477153
804 1555 848121630
863 864 -909639610
2161 2162 -502197587
2060 2061 385542137
521 522 561071741
1955 1956 -230054802
2203 2204 489839029
52 225 248765211
2083 2278 395373785
540 2026 163052161
1339 1340 82499405
1800 1801 -226008108
1298 1299 -504664118
1069 1460 -352303079
880 2031 244325749
1555 1556 898643780
1897 1910 -207570517
1309 1429 905671237
164 1498 144238361
1751 1752 -552700978
1923 2070 -900344735
882 883 572107330
726 727 849051698
1959 1966 -917716133
1775 1776 291610587
1348 2466 -894270350
366 367 -283844257
2110 2111 -245157428
2430 2499 -920222844
1287 2399 940137472
120 385 -838901756
1264 1265 728712255
2257 2392 818420875
2155 2402 471742558
1502 2395 466574566
2169 2184 484817305
755 756 -76977003
1294 1295 748501515
1824 1997 -793765121
1306 2098 990127099
667 668 -408280046
2302 2418 315981949
628 1330 -392436706
1685 2195 -72380835
19 651 334494323
1666 1667 441071046
1699 1700 377959409
800 801 302371513
1615 1616 224302905
2078 2079 813262125
1000 1511 -456479365
1406 1407 -950651558
1056 1057 104303955
1742 1743 200410478
1663 1664 -181580471
1306 1307 113153292
543 1002 -36665288
1593 1755 -787206227
1962 1963 587307149
2208 2380 160678815
2285 2483 142835511
2024 2025 944557999
991 992 214866217
1097 2492 -983247723
1154 1155 970789955
780 781 -436387345
2098 2099 -464298276
1110 2236 299624394
2330 2331 684445505
476 477 303244703
2258 2259 600340164
366 620 -721315050
575 576 906995939
1233 1234 88414651
890 891 65623370
503 2427 118962276
2171 2172 -89622354
32 602 -261300500
1782 1783 262127150
1547 2002 -836396432
766 767 837496801
2229 2230 -571989410
1428 1429 -799386207
367 2372 -927912608
2106 2107 92059377
1006 1821 -225252681
496 497 531200424
1824 1919 846611497
2275 2276 -729056168
621 622 -65801394
1414 1721 -79206912
862 863 -118596772
294 295 -865909892
2260 2475 -293379118
2379 2380 762842190
939 2118 14958086
2137 2448 -957491438
1497 2339 -604365924
647 2053 -808488597
1323 1324 -376108552
705 706 -278970296
1837 2123 486314371
2277 2278 720694289
2420 2421 534590216
1292 2324 546308274
23 24 -489376598
2159 2160 -531505556
2047 2398 -212156255
843 844 -618322607
1316 1317 783640216
2115 2116 -269828981
2196 2197 611912983
1427 2479 208995853
1352 2127 -355620616
404 2353 -158512273
1858 1859 -411592612
529 952 442304750
288 458 -655318633
1239 1510 514483976
572 573 853050030
972 2435 -818813052
1011 1012 -301415131
1319 1320 744488615
1281 2421 -148980018
1077 1078 88679393
1912 1913 91460007
1545 1546 -916681619
2426 2427 -12015751
1321 1322 718122075
662 663 -738406255
1078 2280 -142445012
1383 1384 814557722
215 216 990255683
2023 2024 228078958
260 2148 533028422
1962 2494 -332147367
1988 1989 197466753
1661 1662 -452349770
2168 2169 -867350679
1089 1938 -612025838
849 2034 -826756884
1256 1695 -96231448
1320 1321 -195707555
1265 1266 -413923782
551 1176 68549382
1926 2411 -986305658
702 2326 228069858
2076 2243 -786792610
1334 2391 350405170
1816 2325 -571603540
2453 2460 422399674
1046 1047 135224053
2270 2271 94033081
2184 2389 -857113592
389 390 -696693089
1332 1333 -279622242
1717 1718 -447382261
2283 2284 -991972509
1289 1290 878969789
1369 1370 -555013627
110 111 60990480
573 574 -190686766
1856 2088 94496201
1818 2400 -73291916
1074 1075 -102488387
342 343 -831181840
336 957 160571941
113 114 -969212433
321 322 457503777
2342 2343 851431272
2434 2435 219850287
1343 1843 -758779352
2443 2444 -821207721
683 684 807326405
1429 1620 657254754
230 1715 -812371821
1880 1881 7396632
1057 1058 -165805682
1013 1717 115691230
1661 1722 749123417
1479 1965 -895909337
1413 1870 -268416123
2161 2400 311080456
425 482 -739787820
1087 1536 904913219
1760 2024 966779382
93 985 863555973
2336 2337 673810083
719 2455 659985941
1919 1920 46989410
2085 2086 -995044530
2454 2487 -472159947
27 1920 599108773
81 82 678443308
273 274 583881765
1801 1879 656547132
266 2171 -45607779
1064 1065 -119921898
206 207 528726446
1836 2331 789339183
11 12 -528909939
1393 1602 -950128622
2214 2215 -123297902
15 1753 295754188
1722 1723 350204047
715 716 392613124
540 541 10439903
1362 1753 -503582371
763 1965 13831056
95 96 -688608969
238 239 -51155086
292 293 -293440179
2187 2188 796118628
491 1653 994446032
2286 2287 -258954096
30 31 -515299620
1191 1211 -645190549
327 328 -234566971
831 832 -575230153
1842 1843 848279132
1078 1597 -691475612
1900 1901 -614545155
422 423 -68204773
2300 2301 74834313
1808 1950 -92212285
1380 1381 346752218
773 774 -644717904
669 670 -47649786
816 817 -282780087
921 2299 -925540148
2194 2431 313098980
1062 1063 -102765888
1190 1191 -105589644
1833 2047 -773123760
172 173 -694246834
248 1949 377777479
85 86 466841337
2167 2168 -150256029
2478 2479 -610463879
208 948 186027826
1284 1285 -679741517
595 1225 -101625812
1693 1694 -698963573
2210 2252 -287291315
1803 1804 645741095
823 824 -830593473
571 572 -719367459
181 795 817331183
516 517 947221849
618 619 127670860
1702 2077 82862430
544 545 387222470
941 1008 -8814917
258 1205 -131122726
589 1867 673553934
973 1006 652391569
670 671 -583332453
611 2243 -532527768
247 1787 341863797
2116 2215 -516333866
2104 2105 513388783
1553 2400 -903591267
177 1596 -390761609
1199 1200 479075435
242 243 -555201361
44 45 686623393
576 2085 209987651
1664 1665 839864930
2432 2493 -681311137
1414 1657 591862108
777 778 792863599
1683 1684 595503493
2178 2179 -194113335
752 753 -98771518
99 100 -484688206
414 823 -148514932
794 1483 8404005
857 858 78896182
680 681 212579258
656 1966 291559885
1613 1891 -377689430
920 921 -278016176
269 270 -689151950
1935 1936 -607097071